# Elapsed time   CPU (%)     Real (MB)   Virtual (MB)
       0.000        0.000       59.125      682.996
       1.001      107.900       59.125      682.996
       2.002      107.900       59.125      682.996
       3.004      106.900       59.383      683.137
       4.005      108.900       59.383      683.137
       5.005      106.900       59.383      683.137
       6.006      108.900       59.383      683.277
       7.007      106.900       59.383      683.277
       8.008      107.900       59.297      683.066
       9.010      107.900       59.297      683.066
      10.011      107.800       59.555      683.250
      11.012      106.900       59.555      683.250
      12.014      108.800       59.555      683.391
      13.015      106.900       59.555      683.391
      14.016      107.900       59.555      683.391
      15.017      107.900       59.484      683.195
      16.018      107.900       59.484      683.195
      17.018      107.900       59.484      683.195
      18.019      106.900       59.742      683.391
      19.020      108.900       59.742      683.391
      20.021      107.900       59.742      683.531
      21.022      105.900       59.742      683.531
      22.023      107.900       59.742      683.531
      23.025      108.900       59.742      683.531
      24.026      106.900       59.742      683.531
      25.027      107.900       59.742      683.531
      26.028      106.900       59.742      683.531
      27.028      108.900       59.742      683.531
      28.030      106.900       60.000      683.676
      29.031      106.900       60.000      683.676
      30.032      108.900       60.000      683.676
      31.033      107.900       60.000      683.676
      32.034      107.900       60.000      683.676
      33.035      107.900       60.000      683.676
      34.036      107.000       60.000      683.676
      35.037      107.900       60.000      683.852
      36.038      107.900       60.000      683.852
      37.039      107.900       59.898      683.414
      38.040      107.000       59.898      683.414
      39.041      107.900       60.152      683.996
      40.043      107.800       60.152      683.996
      41.043      107.900       60.152      683.996
      42.044      106.900       60.410      684.137
      43.045      107.900       60.410      684.137
      44.046      103.900       60.012      683.527
      45.047       93.900       60.012      683.527
      46.048      107.900       60.523      684.184
      47.050      108.900       60.523      684.184
      48.051      106.900       60.523      684.184
      49.052      107.900       60.523      684.184
      50.053      108.900       60.523      684.324
      51.055      106.900       60.523      684.324
      52.056      107.900       60.781      684.465
      53.056      107.900       60.781      684.465
      54.057      107.900       60.250      683.766
      55.059      106.900       60.250      683.766
      56.060      107.900       60.250      683.766
      57.060      107.900       60.762      684.465
      58.061      107.900       60.762      684.465
      59.062      107.900       60.762      684.465
      60.063      107.800       60.762      684.605
      61.065      106.900       60.762      684.605
      62.066      107.800       60.523      684.039
      63.067      107.900       60.523      684.039
      64.068      107.900       60.523      684.039
      65.069      107.900       60.777      684.594
      66.070      106.900       60.777      684.594
      67.070      107.900       61.035      684.734
      68.072      107.900       61.035      684.734
      69.073      107.900       60.422      683.938
      70.074      107.900       60.422      683.938
      71.076      107.800       60.422      683.938
      72.077      107.900       60.934      684.770
      73.078      107.900       60.934      684.770
      74.079      107.900       60.934      684.770
      75.080      107.900       61.191      684.910
      76.081      106.900       61.191      684.910
      77.083      107.900       60.418      683.934
      78.084      107.800       60.418      683.934
      79.085      106.900       61.188      684.891
      80.086      108.000       61.188      684.891
      81.087      106.900       61.188      684.891
      82.088      107.900       61.188      685.031
      83.089      107.900       61.188      685.031
      84.090      107.900       60.500      684.016
      85.092      107.900       61.012      684.660
      86.093      108.800       61.012      684.660
      87.094      106.900       63.590      687.391
      88.096      107.900       63.590      687.391
      89.097      106.900       63.848      687.531
      90.098      107.900       63.848      687.531
      91.100      107.900       63.848      687.531
      92.101      107.900       63.848      687.672
      93.102      107.900       63.848      687.672
      94.103      107.800       63.848      687.672
      95.104      106.800       64.105      687.812
      96.106      107.900       64.105      687.812
      97.107      106.900       64.105      687.953
      98.108      107.900       64.105      687.953
      99.110      107.900       64.105      687.953
     100.111      107.800       64.105      687.953
     101.112      106.900       64.105      687.953
     102.113      108.800       64.363      687.953
     103.114      107.900       64.363      687.953
     104.115      106.900       64.363      687.953
     105.115      106.900       64.363      688.195
     106.116      107.900       64.363      688.195
     107.117      107.900       64.363      688.195
     108.118      108.900       64.293      688.000
     109.119      106.900       64.293      688.000
     110.120      107.900       64.293      688.000
     111.121      107.900       64.551      688.199
     112.122      107.900       64.551      688.199
     113.123      107.900       64.551      688.340
     114.124      107.900       64.551      688.340
     115.126      106.800       64.551      688.340
     116.127      107.800       64.809      688.480
     117.129      107.900       64.809      688.480
     118.130      107.900       64.707      688.254
     119.130      107.900       64.707      688.254
