# Elapsed time   CPU (%)     Real (MB)   Virtual (MB)
       0.000        0.000       72.645      696.273
       1.001      107.900       72.645      696.273
       2.002      107.900       72.645      696.273
       3.003      106.900       72.645      696.273
       4.004      108.900       72.645      696.273
       5.005      107.900       72.645      696.273
       6.007      106.900       72.645      696.273
       7.007      107.900       72.645      696.273
       8.009      107.900       72.645      696.273
       9.010      107.900       72.645      696.273
      10.012      108.900       72.645      696.273
      11.013      106.900       72.645      696.273
      12.014      107.900       72.645      696.273
      13.016      107.800       72.645      696.273
      14.017      107.900       72.645      696.273
      15.017      108.000       72.645      696.273
      16.018      106.900       72.645      696.273
      17.019      106.900       72.645      696.273
      18.020      108.900       72.645      696.273
      19.021      107.900       72.645      696.273
      20.022      107.900       72.645      696.273
      21.023      106.900       72.645      696.273
      22.024      107.900       72.645      696.273
      23.026      107.800       72.645      696.273
      24.027      107.800       72.645      696.273
      25.028      107.900       72.645      696.273
      26.029      107.900       72.645      696.273
      27.030      106.900       72.645      696.273
      28.032      107.800       72.645      696.273
      29.033      107.900       72.645      696.273
      30.034      106.800       72.645      696.414
      31.036      108.800       72.645      696.414
      32.037      108.800       72.645      696.414
      33.039      106.900       72.645      696.414
      34.039      107.900       72.645      696.414
      35.041      107.900       72.645      696.414
      36.042      106.900       72.645      696.414
      37.043      108.900       72.645      696.414
      38.044      106.900       72.645      696.414
      39.044      108.900       72.645      696.414
      40.046      107.800       72.645      696.414
      41.047      106.900       72.645      696.414
      42.048      107.900       72.645      696.414
      43.049      107.900       72.645      696.414
      44.050      107.900       72.645      696.414
      45.051      106.900       72.645      696.414
      46.053      107.900       72.645      696.414
      47.054      108.800       72.645      696.414
      48.055      107.900       72.645      696.414
      49.056      107.900       72.645      696.414
      50.058      106.900       72.645      696.414
      51.058      107.900       72.645      696.414
      52.060      107.900       72.645      696.414
      53.061      107.800       72.645      696.414
      54.062      107.900       72.645      696.414
      55.063      107.900       72.645      696.414
      56.065      107.900       72.645      696.414
      57.066      106.900       72.645      696.414
      58.067      107.900       72.645      696.414
      59.068      107.900       72.645      696.414
      60.069      107.900       72.645      696.414
      61.070      107.900       72.645      696.414
      62.072      106.900       72.645      696.414
      63.073      107.900       72.645      696.414
      64.074      108.800       72.645      696.414
      65.075      106.900       72.645      696.414
      66.076      107.900       72.645      696.414
      67.077      107.900       72.645      696.414
      68.078      107.900       72.645      696.414
      69.080      107.900       72.645      696.414
      70.081      107.900       72.645      696.414
      71.082      107.900       72.645      696.414
      72.083      107.900       72.645      696.414
      73.084      107.900       72.645      696.414
      74.085      107.900       72.645      696.414
      75.086      107.900       72.645      696.414
      76.087      106.900       72.645      696.414
      77.088      108.900       72.645      696.414
      78.089      106.900       72.645      696.414
      79.090      108.900       72.645      696.414
      80.091      106.900       72.645      696.414
      81.092      108.900       72.645      696.414
      82.093      106.900       72.645      696.414
      83.094      107.900       72.645      696.414
      84.095      107.900       72.645      696.414
      85.097      107.900       72.645      696.414
      86.098      106.900       72.645      696.414
      87.098      107.900       72.645      696.414
      88.100      107.800       72.645      696.414
      89.101      107.900       72.645      696.414
      90.102      107.900       72.645      696.414
      91.103      107.900       72.645      696.414
      92.104      106.900       72.645      696.414
      93.105      107.900       72.645      696.414
      94.107      107.900       72.645      696.414
      95.107      106.900       72.645      696.414
      96.108      108.900       72.645      696.414
      97.110      107.900       72.645      696.414
      98.110      107.900       72.645      696.414
      99.111      106.900       72.645      696.414
     100.112      108.900       72.645      696.414
     101.113      106.900       72.645      696.414
     102.114      108.900       72.645      696.414
     103.116      106.900       72.645      696.414
     104.117      107.900       72.645      696.414
     105.118      107.900       72.645      696.414
     106.119      107.900       72.645      696.414
     107.119      107.900       72.645      696.414
     108.120      106.900       72.645      696.414
     109.121      108.900       72.645      696.414
     110.122      106.800       72.645      696.414
     111.123      107.900       72.645      696.414
     112.124      106.900       72.645      696.414
     113.125      108.900       72.645      696.414
     114.126      107.900       72.645      696.414
     115.127      107.900       72.645      696.414
     116.128      107.900       72.645      696.414
     117.130      106.900       72.645      696.414
     118.131      107.900       72.645      696.414
     119.132      107.900       72.645      696.414
