# Elapsed time   CPU (%)     Real (MB)   Virtual (MB)
       0.000        0.000       72.645      696.273
       1.001      106.900       72.645      696.273
       2.002      104.900       72.645      696.273
       3.003      105.800       72.645      696.273
       4.005      107.900       72.645      696.273
       5.006      106.900       72.645      696.273
       6.007      107.900       72.645      696.273
       7.008      108.000       72.645      696.273
       8.008      107.900       72.645      696.273
       9.010      107.800       72.645      696.273
      10.011      107.800       72.645      696.273
      11.012      106.900       72.645      696.273
      12.013      107.900       72.645      696.273
      13.014      106.900       72.645      696.273
      14.016      107.900       72.645      696.273
      15.017      108.800       72.645      696.273
      16.018      107.900       72.645      696.273
      17.019      107.900       72.645      696.273
      18.020      106.900       72.645      696.273
      19.022      107.900       72.645      696.273
      20.022      106.900       72.645      696.273
      21.024      108.900       72.645      696.273
      22.024      106.900       72.645      696.273
      23.025      107.900       72.645      696.273
      24.027      107.900       72.645      696.273
      25.028      107.900       72.645      696.273
      26.029      107.900       72.645      696.273
      27.030      106.900       72.645      696.273
      28.031      108.900       72.645      696.273
      29.032      107.900       72.645      696.273
      30.033      106.900       72.645      696.273
      31.034      107.900       72.645      696.273
      32.034      108.000       72.645      696.273
      33.036      107.800       72.645      696.273
      34.037      107.900       72.645      696.273
      35.037      107.000       72.645      696.273
      36.039      107.900       72.645      696.273
      37.040      106.900       72.645      696.273
      38.041      107.900       72.645      696.273
      39.042      108.900       72.645      696.273
      40.043      106.800       72.645      696.273
      41.044      107.900       72.645      696.273
      42.046      107.900       72.645      696.273
      43.047      107.900       72.645      696.273
      44.048      106.900       72.645      696.273
      45.049      107.900       72.645      696.273
      46.050      107.900       72.645      696.273
      47.052      107.800       72.645      696.273
      48.053      107.900       72.645      696.273
      49.054      107.900       72.645      696.273
      50.055      106.900       72.645      696.273
      51.056      108.900       72.645      696.273
      52.057      106.900       72.645      696.273
      53.057      107.000       72.645      696.273
      54.059      107.900       72.645      696.273
      55.060      107.900       72.645      696.273
      56.061      106.900       72.645      696.273
      57.062      107.900       72.645      696.273
      58.063      107.900       72.645      696.273
      59.065      107.900       72.645      696.273
      60.066      107.900       72.645      696.273
      61.067      107.900       72.645      696.273
      62.068      107.900       72.645      696.273
      63.068      107.000       72.645      696.273
      64.069      107.900       72.645      696.273
      65.070      108.900       72.645      696.273
      66.072      106.800       72.645      696.273
      67.073      107.800       72.645      696.273
      68.074      107.900       72.645      696.273
      69.075      107.900       72.645      696.273
      70.076      108.900       72.645      696.273
      71.076      106.900       72.645      696.273
      72.078      107.800       72.645      696.273
      73.079      107.800       72.645      696.273
      74.080      106.900       72.645      696.273
      75.080      108.000       72.645      696.273
      76.081      107.900       72.645      696.273
      77.082      107.900       72.645      696.273
      78.083      106.800       72.645      696.273
      79.085      107.900       72.645      696.273
      80.086      106.900       72.645      696.273
      81.086      108.900       72.645      696.273
      82.088      107.800       72.645      696.273
      83.089      106.900       72.645      696.273
      84.090      107.900       72.645      696.273
      85.091      107.900       72.645      696.273
      86.093      107.900       72.645      696.273
      87.094      107.800       72.645      696.273
      88.095      106.900       72.645      696.273
      89.096      108.900       72.645      696.273
      90.097      107.900       72.645      696.273
      91.098      106.900       72.645      696.273
      92.100      107.800       72.645      696.273
      93.101      108.900       72.645      696.273
      94.102      106.800       72.645      696.273
      95.104      107.900       72.645      696.273
      96.104      107.900       72.645      696.273
      97.106      107.800       72.645      696.273
      98.107      106.900       72.645      696.273
      99.108      108.800       72.645      696.273
     100.110      106.800       72.645      696.273
     101.111      107.900       72.645      696.273
     102.111      107.900       72.645      696.273
     103.112      107.900       72.645      696.273
     104.113      106.900       72.645      696.273
     105.114      107.900       72.645      696.273
     106.115      107.900       72.645      696.273
     107.116      106.900       72.645      696.273
     108.117      108.900       72.645      696.273
     109.118      107.900       72.645      696.273
     110.119      106.900       72.645      696.273
     111.120      107.900       72.645      696.273
     112.122      108.800       72.645      696.273
     113.123      106.900       72.645      696.273
     114.124      108.900       72.645      696.273
     115.126      106.800       72.645      696.273
     116.126      107.900       72.645      696.273
     117.128      107.800       72.645      696.273
     118.129      107.900       72.645      696.273
     119.130      106.900       72.645      696.273
