# Elapsed time   CPU (%)     Real (MB)   Virtual (MB)
       0.000        0.000       35.938      659.707
       1.001      107.900       36.195      660.078
       2.003      107.900       36.195      660.078
       3.004      107.900       36.453      660.219
       4.005      107.900       36.453      660.219
       5.005      106.900       36.453      660.359
       6.007      107.900       36.453      660.359
       7.008      107.900       36.453      660.359
       8.009      106.900       36.348      660.125
       9.010      107.900       36.348      660.125
      10.011      106.900       38.152      662.043
      11.012      108.900       40.473      664.105
      12.013      106.900       43.566      667.293
      13.015      106.900       43.566      667.293
      14.016       95.900       44.855      668.637
      15.017       92.900       44.855      668.637
      16.019       74.900       46.660      670.336
      17.020       83.900       46.660      670.336
      18.021       90.900       46.660      670.336
      19.023       98.900       46.660      670.477
      20.024      107.800       46.660      670.477
      21.025      107.800       46.660      670.477
      22.027      107.800       48.465      672.273
      23.028      107.900       48.465      672.273
      24.028      107.000       48.465      672.273
      25.029      107.000       48.723      672.422
      26.029      108.900       48.723      672.422
      27.030      107.000       48.723      672.422
      28.032      107.800       48.723      672.562
      29.033      106.900       48.723      672.562
      30.034      107.900       48.723      672.562
      31.035      107.900       48.723      672.562
      32.036      106.900       48.723      672.562
      33.036      107.900       48.723      672.562
      34.037      108.900       48.723      672.562
      35.039      106.900       48.723      672.562
      36.040      106.900       48.980      672.844
      37.041      107.900       48.980      672.844
      38.042      108.900       49.238      672.984
      39.044      106.900       49.238      672.984
      40.045      107.900       49.238      672.984
      41.046      106.900       50.785      674.629
      42.047      107.900       50.785      674.629
      43.048      106.900       50.785      674.629
      44.049      108.900       52.590      676.445
      45.051      106.800       52.590      676.445
      46.052      107.900       52.848      676.586
      47.054      107.800       52.848      676.586
      48.056      107.800       52.848      676.727
      49.057      106.900       52.848      676.727
      50.057      107.900       52.848      676.727
      51.058      107.900       52.773      676.523
      52.058      106.900       52.773      676.523
      53.060      108.900       53.031      676.723
      54.061      106.900       53.031      676.723
      55.063      107.800       53.031      676.723
      56.064      107.900       53.031      676.863
      57.065      107.900       53.031      676.863
      58.066      106.900       53.289      677.004
      59.066      108.000       53.289      677.004
      60.067      107.900       54.836      678.609
      61.069      106.900       54.836      678.609
      62.070       97.900       55.094      678.750
      63.071       77.900       55.094      678.750
      64.072       93.900       55.094      678.750
      65.073       91.900       55.094      678.750
      66.075       94.900       55.094      678.750
      67.075      106.900       55.094      678.750
      68.077      107.900       55.094      678.750
      69.077      107.900       55.094      678.750
      70.078      106.900       55.094      678.961
      71.080      107.900       55.094      678.961
      72.081      106.900       55.094      678.961
      73.082      107.900       55.352      679.129
      74.083      106.900       55.352      679.129
      75.084      108.900       55.609      679.273
      76.085      107.900       55.609      679.273
      77.086      107.900       55.609      679.273
      78.087      106.900       55.609      679.273
      79.088      107.900       55.609      679.273
      80.088      107.900       55.609      679.273
      81.089      106.900       55.609      679.273
      82.090      107.900       55.609      679.410
      83.091      106.900       55.609      679.410
      84.093      107.900       55.867      679.555
      85.094      107.900       55.867      679.555
      86.095      107.900       55.867      679.555
      87.096      106.900       55.648      679.164
      88.097      108.900       55.648      679.164
      89.098      106.900       55.902      679.562
      90.099      108.900       55.902      679.562
      91.099      106.900       55.902      679.703
      92.101      106.900       55.902      679.703
      93.101      107.900       55.902      679.703
      94.103      107.900       55.777      679.293
      95.104      107.900       55.777      679.293
      96.104      107.900       56.031      679.855
      97.105      107.800       56.031      679.855
      98.107      106.900       56.031      679.855
      99.107      107.900       56.289      680.000
     100.108      107.900       56.289      680.000
     101.109      107.900       56.289      680.141
     102.111      106.900       56.289      680.141
     103.111      107.900       56.289      680.141
     104.113      107.800       56.289      680.141
     105.114      107.800       56.289      680.141
     106.116      106.900       56.289      680.141
     107.116      107.900       56.289      680.141
     108.118      106.800       56.289      680.141
     109.119      108.900       56.547      680.312
     110.120      106.900       56.547      680.312
     111.121      107.800       56.547      680.312
     112.123      107.900       56.547      680.312
     113.123      106.900       56.547      680.312
     114.124      107.900       56.547      680.312
     115.125      107.900       56.547      680.312
     116.126      107.900       56.805      680.500
     117.126      107.900       56.805      680.500
     118.128      106.900       56.805      680.641
     119.129      101.900       56.805      680.641
