# Elapsed time   CPU (%)     Real (MB)   Virtual (MB)
       0.000        0.000       72.645      696.273
       1.001      108.900       72.645      696.273
       2.002      107.900       72.645      696.273
       3.003      107.800       72.645      696.273
       4.005      105.800       72.645      696.273
       5.006      108.900       72.645      696.273
       6.007      107.900       72.645      696.273
       7.009      107.800       72.645      696.273
       8.009      107.900       72.645      696.273
       9.011      107.900       72.645      696.273
      10.012      106.900       72.645      696.273
      11.013      107.900       72.645      696.273
      12.013      107.900       72.645      696.273
      13.014      106.900       72.645      696.273
      14.014      107.900       72.645      696.273
      15.015      107.900       72.645      696.273
      16.016      106.900       72.645      696.273
      17.018      107.900       72.645      696.273
      18.019      107.900       72.645      696.273
      19.020      107.800       72.645      696.273
      20.022      107.900       72.645      696.273
      21.023      107.900       72.645      696.273
      22.024      107.900       72.645      696.273
      23.025      107.900       72.645      696.273
      24.026      107.900       72.645      696.273
      25.027      106.900       72.645      696.273
      26.028      107.900       72.645      696.273
      27.029      106.800       72.645      696.273
      28.030      108.900       72.645      696.273
      29.031      107.800       72.645      696.273
      30.032      106.900       72.645      696.273
      31.033      107.800       72.645      696.273
      32.034      107.900       72.645      696.273
      33.034      108.000       72.645      696.273
      34.036      106.900       72.645      696.273
      35.037      106.900       72.645      696.273
      36.038      108.900       72.645      696.273
      37.039      107.900       72.645      696.273
      38.040      107.900       72.645      696.273
      39.041      106.900       72.645      696.273
      40.042      108.900       72.645      696.273
      41.043      107.900       72.645      696.273
      42.044      107.900       72.645      696.273
      43.045      106.800       72.645      696.273
      44.046      107.900       72.645      696.273
      45.047      107.900       72.645      696.273
      46.049      106.900       72.645      696.273
      47.049      107.900       72.645      696.273
      48.050      107.900       72.645      696.273
      49.052      107.900       72.645      696.273
      50.053      107.900       72.645      696.273
      51.054      106.900       72.645      696.273
      52.056      107.900       72.645      696.273
      53.056      107.900       72.645      696.273
      54.057      107.900       72.645      696.273
      55.059      107.800       72.645      696.273
      56.060      107.900       72.645      696.273
      57.061      107.900       72.645      696.273
      58.063      107.900       72.645      696.273
      59.064      106.900       72.645      696.273
      60.065      107.900       72.645      696.273
      61.066      107.900       72.645      696.273
      62.067      107.900       72.645      696.273
      63.067      108.000       72.645      696.273
      64.069      106.800       72.645      696.273
      65.070      107.900       72.645      696.273
      66.071      107.900       72.645      696.273
      67.072      107.900       72.645      696.273
      68.072      108.000       72.645      696.273
      69.074      107.900       72.645      696.273
      70.075      106.900       72.645      696.273
      71.076      108.900       72.645      696.273
      72.077      107.900       72.645      696.273
      73.078      107.800       72.645      696.273
      74.079      106.900       72.645      696.273
      75.081      107.900       72.645      696.273
      76.082      107.900       72.645      696.273
      77.083      106.900       72.645      696.273
      78.084      108.900       72.645      696.273
      79.085      107.800       72.645      696.273
      80.086      107.900       72.645      696.273
      81.087      106.900       72.645      696.273
      82.088      107.900       72.645      696.273
      83.089      107.900       72.645      696.273
      84.090      107.900       72.645      696.273
      85.091      106.900       72.645      696.273
      86.093      107.800       72.645      696.273
      87.093      107.900       72.645      696.273
      88.094      107.900       72.645      696.273
      89.095      108.900       72.645      696.273
      90.097      107.800       72.645      696.273
      91.098      106.900       72.645      696.273
      92.099      107.900       72.645      696.273
      93.101      108.900       72.645      696.273
      94.102      106.900       72.645      696.273
      95.106      108.600       72.645      696.273
      96.107      107.800       72.645      696.273
      97.108      106.900       72.645      696.273
      98.109      107.900       72.645      696.273
      99.110      106.900       72.645      696.273
     100.111      108.900       72.645      696.273
     101.112      106.900       72.645      696.273
     102.113      107.900       72.645      696.273
     103.113      108.900       72.645      696.273
     104.115      106.800       72.645      696.273
     105.116      107.900       72.645      696.273
     106.117      106.900       72.645      696.273
     107.119      108.800       72.645      696.273
     108.120      107.900       72.645      696.273
     109.121      107.800       72.645      696.273
     110.123      106.900       72.645      696.273
     111.123      106.900       72.645      696.273
     112.124      107.900       72.645      696.273
     113.126      107.900       72.645      696.273
     114.126      107.900       72.645      696.273
     115.127      106.900       72.645      696.273
     116.129      107.800       72.645      696.273
     117.130      107.800       72.645      696.273
     118.131      107.900       72.645      696.273
     119.132      107.900       72.645      696.273
