# Elapsed time   CPU (%)     Real (MB)   Virtual (MB)
       0.000        0.000       72.770      696.434
       1.001      107.000       72.770      696.434
       2.002      107.800       72.770      696.434
       3.003      107.900       72.770      696.434
       4.004      106.900       72.770      696.434
       5.005      108.900       72.770      696.434
       6.006      107.900       72.770      696.434
       7.007      106.900       72.770      696.434
       8.008      107.900       72.770      696.434
       9.009      107.800       72.770      696.434
      10.010      107.900       72.770      696.434
      11.011      107.900       72.770      696.434
      12.012      106.900       72.770      696.434
      13.013      108.900       72.770      696.434
      14.014      107.900       72.770      696.434
      15.015      107.900       72.770      696.434
      16.016      106.900       72.770      696.434
      17.018      108.900       72.770      696.434
      18.019      107.900       72.770      696.434
      19.020      106.900       72.770      696.434
      20.021      106.900       72.770      696.434
      21.023      108.800       72.770      696.434
      22.023      106.900       72.770      696.434
      23.025      108.900       72.770      696.434
      24.025      106.900       72.770      696.434
      25.027      108.900       72.770      696.434
      26.028      106.900       72.770      696.434
      27.028      107.900       72.770      696.434
      28.030      107.800       72.770      696.434
      29.031      106.800       72.770      696.434
      30.032      107.900       72.770      696.434
      31.034      108.800       72.770      696.434
      32.035      107.900       72.770      696.434
      33.036      106.900       72.770      696.434
      34.037      107.900       72.770      696.434
      35.038      107.900       72.770      696.434
      36.040      107.800       72.770      696.574
      37.041      107.900       72.770      696.574
      38.042      107.900       73.027      696.715
      39.043      107.900       73.027      696.715
      40.044      107.900       73.027      696.715
      41.046      107.900       73.027      696.867
      42.047      107.900       73.027      696.867
      43.047      106.900       73.285      697.082
      44.049      107.900       73.285      697.082
      45.050      107.900       73.285      697.082
      46.051      107.900       72.762      696.434
      47.052      106.900       72.762      696.434
      48.053      107.900       72.762      696.434
      49.054      107.900       72.762      696.434
      50.055      107.900       72.762      696.434
      51.056      107.900       72.762      696.434
      52.058      107.900       72.762      696.434
      53.059      107.900       72.762      696.434
      54.059      107.000       72.762      696.434
      55.060      107.900       72.762      696.434
      56.061      106.900       72.762      696.434
      57.063      108.900       72.762      696.434
      58.063      106.900       72.762      696.434
      59.064      108.900       72.762      696.434
      60.066      107.900       72.762      696.434
      61.067      107.800       72.762      696.434
      62.068      106.900       72.762      696.434
      63.070      108.900       72.762      696.434
      64.071      106.900       72.762      696.434
      65.072      107.900       72.762      696.434
      66.074      107.900       72.762      696.434
      67.075      107.800       72.762      696.434
      68.076      106.900       72.762      696.434
      69.077      107.900       72.762      696.434
      70.079      108.800       72.762      696.434
      71.080      106.900       72.762      696.434
      72.081      106.900       72.762      696.434
      73.083      108.900       72.762      696.434
      74.084      107.900       72.762      696.434
      75.085      106.900       72.762      696.434
      76.086      108.900       72.762      696.434
      77.087      107.900       72.762      696.434
      78.089      107.800       72.762      696.434
      79.090      107.800       72.762      696.434
      80.091      106.900       72.762      696.434
      81.092      107.900       72.762      696.434
      82.093      107.900       72.762      696.434
      83.094      106.900       72.762      696.434
      84.095      107.900       72.762      696.434
      85.096      107.900       72.762      696.434
      86.097      107.900       72.762      696.434
      87.098      107.900       72.762      696.434
      88.099      107.900       72.762      696.434
      89.100      106.800       72.762      696.434
      90.101      107.900       72.762      696.434
      91.101      107.900       72.762      696.434
      92.103      106.900       72.762      696.434
      93.104      107.800       72.762      696.434
      94.105      107.900       72.762      696.434
      95.106      108.900       72.762      696.434
      96.107      106.900       72.762      696.434
      97.109      107.900       72.762      696.434
      98.110      107.900       72.762      696.434
      99.111      106.900       72.762      696.434
     100.112      107.900       72.762      696.434
     101.113      106.900       72.762      696.434
     102.114      108.900       72.762      696.434
     103.115      106.900       72.762      696.434
     104.117      107.900       72.762      696.434
     105.118      107.900       72.762      696.434
     106.119      107.800       72.762      696.434
     107.120      107.900       72.762      696.434
     108.121      107.900       72.762      696.434
     109.122      107.900       72.762      696.434
     110.123      107.900       72.762      696.434
     111.125      107.900       72.762      696.434
     112.126      107.900       72.762      696.434
     113.127      107.900       72.762      696.434
     114.128      106.900       72.762      696.434
     115.129      107.900       72.762      696.434
     116.130      109.000       72.762      696.434
     117.130      107.900       72.762      696.434
     118.132      107.900       72.762      696.434
     119.133      106.900       72.762      696.434
