# Elapsed time   CPU (%)     Real (MB)   Virtual (MB)
       0.000        0.000       72.645      696.273
       1.001      107.900       72.645      696.273
       2.002      106.900       72.645      696.273
       3.003      108.900       72.645      696.273
       4.004      106.800       72.645      696.273
       5.005      107.900       72.645      696.273
       6.006      108.900       72.645      696.273
       7.007      106.900       72.645      696.273
       8.008      107.900       72.645      696.273
       9.009      107.900       72.645      696.273
      10.010      107.900       72.645      696.273
      11.011      107.900       72.645      696.273
      12.012      106.800       72.645      696.273
      13.014      107.800       72.645      696.273
      14.014      108.900       72.645      696.273
      15.016      106.900       72.645      696.273
      16.017      107.800       72.645      696.273
      17.018      108.900       72.645      696.273
      18.019      107.900       72.645      696.273
      19.019      108.000       72.645      696.273
      20.020      106.900       72.645      696.273
      21.021      107.900       72.645      696.273
      22.022      107.900       72.645      696.273
      23.023      107.900       72.645      696.273
      24.024      106.900       72.645      696.273
      25.024      108.000       72.645      696.273
      26.025      107.900       72.645      696.273
      27.026      107.900       72.645      696.273
      28.027      107.900       72.645      696.273
      29.028      106.900       72.645      696.273
      30.029      108.000       72.645      696.273
      31.029      106.900       72.645      696.273
      32.031      107.900       72.645      696.273
      33.032      107.900       72.645      696.273
      34.033      106.800       72.645      696.273
      35.034      108.900       72.645      696.273
      36.036      107.900       72.645      696.273
      37.036      106.900       72.645      696.273
      38.038      108.900       72.645      696.273
      39.039      107.900       72.645      696.273
      40.040      106.900       72.645      696.273
      41.041      108.900       72.645      696.273
      42.042      107.900       72.645      696.273
      43.044      107.800       72.645      696.273
      44.044      106.900       72.645      696.273
      45.045      108.900       72.645      696.273
      46.046      107.900       72.645      696.273
      47.047      106.900       72.645      696.273
      48.048      107.900       72.645      696.273
      49.048      106.900       72.645      696.273
      50.050      108.900       72.645      696.273
      51.051      106.900       72.645      696.273
      52.052      107.900       72.645      696.273
      53.053      107.900       72.645      696.273
      54.053      108.000       72.645      696.273
      55.054      107.900       72.645      696.273
      56.055      108.000       72.645      696.273
      57.056      107.900       72.645      696.273
      58.057      106.900       72.645      696.273
      59.058      108.800       72.645      696.273
      60.059      107.900       72.645      696.273
      61.060      106.900       72.645      696.273
      62.061      107.900       72.645      696.273
      63.062      107.900       72.645      696.273
      64.063      107.900       72.645      696.273
      65.064      107.900       72.645      696.273
      66.066      107.900       72.645      696.273
      67.067      107.900       72.645      696.273
      68.068      107.900       72.645      696.273
      69.069      106.900       72.645      696.273
      70.070      108.900       72.645      696.273
      71.071      107.900       72.645      696.273
      72.072      106.900       72.645      696.273
      73.074      107.900       72.645      696.273
      74.075      107.800       72.645      696.273
      75.076      107.800       72.645      696.273
      76.078      107.900       72.645      696.273
      77.079      108.900       72.645      696.273
      78.080      106.900       72.645      696.273
      79.080      108.000       72.645      696.273
      80.082      106.900       72.645      696.273
      81.083      108.900       72.645      696.273
      82.084      107.800       72.645      696.273
      83.085      107.900       72.645      696.273
      84.086      106.900       72.645      696.273
      85.087      107.900       72.645      696.273
      86.088      107.900       72.645      696.273
      87.090      107.900       72.645      696.273
      88.091      107.900       72.645      696.273
      89.092      107.900       72.645      696.273
      90.093      107.900       72.645      696.273
      91.094      107.900       72.645      696.273
      92.095      107.900       72.645      696.273
      93.097      106.900       72.645      696.273
      94.097      107.900       72.645      696.273
      95.098      107.900       72.645      696.273
      96.099      106.900       72.645      696.273
      97.100      107.900       72.645      696.273
      98.102      107.900       72.645      696.273
      99.103      107.800       72.645      696.273
     100.104      106.900       72.645      696.273
     101.106      108.900       72.645      696.273
     102.107      107.900       72.645      696.273
     103.108      106.900       72.645      696.273
     104.109      107.900       72.645      696.273
     105.110      107.900       72.645      696.273
     106.111      107.900       72.645      696.273
     107.112      106.900       72.645      696.273
     108.114      107.900       72.645      696.273
     109.115      107.900       72.645      696.273
     110.116      108.900       72.645      696.273
     111.117      106.900       72.645      696.273
     112.118      107.900       72.645      696.273
     113.120      107.800       72.645      696.273
     114.121      108.900       72.645      696.273
     115.122      106.900       72.645      696.273
     116.123      107.900       72.645      696.273
     117.124      107.900       72.645      696.273
     118.125      107.900       72.645      696.273
     119.127      107.900       72.645      696.273
