# Elapsed time   CPU (%)     Real (MB)   Virtual (MB)
       0.003        0.000       64.707      688.469
       1.004      108.900       64.965      688.707
       2.005      106.900       64.965      688.707
       3.006      107.900       64.965      688.848
       4.006      107.900       64.965      688.848
       5.007      107.900       64.965      688.848
       6.008      107.900       64.965      688.848
       7.008      106.900       64.965      688.848
       8.010      108.900       65.223      688.848
       9.011      106.900       65.223      688.848
      10.012      107.900       65.223      688.848
      11.013      106.800       65.223      689.023
      12.015      108.900       65.223      689.023
      13.016      107.900       65.223      689.023
      14.017      106.900       65.223      689.023
      15.018      108.800       65.223      689.023
      16.020      106.900       65.480      689.168
      17.021      108.800       65.480      689.168
      18.022      105.900       65.480      689.309
      19.023      108.900       65.480      689.309
      20.024      107.900       65.738      689.449
      21.026      107.900       65.738      689.449
      22.026      106.900       65.668      689.184
      23.028      107.900       65.668      689.184
      24.029      107.800       65.668      689.184
      25.030      106.900       65.668      689.184
      26.032      107.900       65.668      689.473
      27.032      107.900       65.668      689.473
      28.034      108.900       65.922      689.613
      29.035      106.900       65.922      689.613
      30.036      106.900       65.922      689.613
      31.037      108.800       65.676      689.191
      32.038      106.900       65.676      689.191
      33.039      107.900       65.930      689.637
      34.040      107.900       65.930      689.637
      35.041      106.900       65.930      689.777
      36.042      108.900       65.930      689.777
      37.044      107.900       65.930      689.777
      38.045      107.900       65.676      689.191
      39.046      106.900       65.676      689.191
      40.046      107.900       65.930      689.781
      41.048      107.900       65.930      689.781
      42.049      107.900       65.930      689.781
      43.050      107.900       66.188      689.922
      44.052      107.900       66.188      689.922
      45.053      107.900       65.617      689.133
      46.054      107.900       65.617      689.133
      47.056      107.900       65.617      689.133
      48.057      106.900       66.129      689.910
      49.058      107.900       66.129      689.910
      50.058      107.900       66.387      690.051
      51.060      107.900       66.387      690.051
      52.061      106.900       66.387      690.051
      53.062      107.900       66.387      690.191
      54.063      106.900       66.387      690.191
      55.064      107.900       65.879      689.395
      56.065      107.900       65.879      689.395
      57.066      107.900       66.391      690.211
      58.067      106.900       66.391      690.211
      59.068      108.800       66.391      690.211
      60.069      107.900       66.648      690.352
      61.071      106.900       66.648      690.352
      62.072      108.900       66.648      690.352
      63.073      106.900       66.648      690.492
      64.074      107.900       66.648      690.492
      65.076      107.900       66.906      690.633
      66.077      107.900       66.906      690.633
      67.078      106.900       66.832      690.348
      68.080      107.800       66.832      690.348
      69.081      107.900       66.832      690.348
      70.082      107.900       66.832      690.664
      71.083      107.900       66.832      690.664
      72.085      107.900       66.832      690.664
      73.086      107.800       67.086      690.816
      74.086      107.000       67.086      690.816
      75.088      107.900       67.086      690.816
      76.088      107.900       67.086      690.957
      77.090      107.800       67.086      690.957
      78.091      106.800       67.242      690.758
      79.092      107.900       67.242      690.758
      80.092      107.900       67.242      690.758
      81.094      107.900       67.242      690.961
      82.095      107.900       67.242      690.961
      83.096      107.900       67.242      690.961
      84.097      107.900       67.242      691.102
      85.098      106.900       67.242      691.102
      86.099      107.900       67.242      691.102
      87.100      107.900       67.242      691.102
      88.101      107.900       67.242      691.102
      89.102      107.900       67.496      691.102
      90.103      106.800       67.496      691.102
      91.104      108.900       67.496      691.297
      92.105      107.900       67.496      691.297
      93.106      106.800       67.496      691.297
      94.108      107.900       67.754      691.438
      95.108      106.900       67.754      691.438
      96.110      107.800       67.754      691.438
      97.111      108.900       67.641      691.156
      98.112      106.900       67.641      691.156
      99.113      107.900       67.641      691.473
     100.114      106.800       67.641      691.473
     101.115      107.900       67.641      691.473
     102.117      107.800       67.895      691.613
     103.117      107.900       67.895      691.613
     104.119      107.900       67.641      691.156
     105.120      106.900       67.641      691.156
     106.120      108.900       67.895      691.602
     107.121      107.900       67.895      691.602
     108.123      106.900       67.895      691.602
     109.124      108.900       67.895      691.742
     110.125      107.900       67.895      691.742
     111.127      106.800       67.793      691.309
     112.128      108.900       67.793      691.309
     113.129      106.900       68.047      691.770
     114.130      107.900       68.047      691.770
     115.131      107.900       68.047      691.770
     116.132      108.000       68.047      691.910
     117.133      107.900       68.047      691.910
     118.133      108.000       67.715      691.230
     119.135      107.900       67.715      691.230
