# Elapsed time   CPU (%)     Real (MB)   Virtual (MB)
       0.000        0.000       68.227      692.023
       1.002      107.900       68.484      692.164
       2.003      107.900       68.484      692.164
       3.004      106.900       68.484      692.164
       4.005      107.900       68.484      692.164
       5.006      107.900       68.484      692.164
       6.007      107.900       68.484      692.164
       7.008      107.900       68.484      692.164
       8.009      107.900       68.484      692.164
       9.010      106.900       68.484      692.309
      10.011      107.900       68.484      692.309
      11.012      108.900       68.742      692.449
      12.014      106.900       68.742      692.449
      13.015      106.900       68.742      692.449
      14.016      107.800       68.746      692.262
      15.018      108.800       68.746      692.262
      16.019      106.800       68.746      692.469
      17.020      108.900       68.746      692.469
      18.021      106.900       68.746      692.469
      19.022      107.900       68.746      692.609
      20.023      106.900       68.746      692.609
      21.024      107.900       68.797      692.309
      22.025      107.900       68.797      692.309
      23.025      106.900       68.797      692.309
      24.027      107.900       68.797      692.309
      25.028      107.900       68.797      692.309
      26.029      107.900       68.797      692.309
      27.030      107.900       68.797      692.309
      28.031      106.900       68.797      692.309
      29.033      108.800       68.797      692.309
      30.034      107.900       68.797      692.309
      31.034      106.900       68.797      692.309
      32.035      108.000       68.797      692.309
      33.036      108.900       68.797      692.309
      34.037      106.900       68.797      692.309
      35.038      107.900       68.797      692.309
      36.039      108.900       68.797      692.309
      37.040      106.900       68.797      692.309
      38.041      108.900       68.797      692.309
      39.042      107.900       68.797      692.309
      40.043      106.900       68.797      692.309
      41.044      107.900       68.797      692.309
      42.045      107.900       68.797      692.309
      43.046      107.800       68.797      692.309
      44.047      106.900       68.797      692.309
      45.048      108.000       68.797      692.309
      46.049      107.900       68.797      692.309
      47.050      107.800       68.797      692.309
      48.052      107.900       68.797      692.309
      49.052      108.000       68.797      692.309
      50.053      106.900       68.797      692.309
      51.054      108.900       68.797      692.309
      52.055      107.900       68.797      692.309
      53.056      107.900       68.797      692.309
      54.057      107.900       68.797      692.309
      55.059      106.900       68.797      692.309
      56.059      107.900       68.797      692.309
      57.060      107.900       68.797      692.309
      58.061      108.900       68.797      692.309
      59.062      106.900       68.797      692.309
      60.062      107.900       68.797      692.309
      61.064      107.800       68.797      692.309
      62.065      107.800       68.797      692.309
      63.066      107.900       68.797      692.309
      64.067      107.900       68.797      692.309
      65.068      107.900       68.797      692.309
      66.070      107.800       68.797      692.309
      67.070      107.900       68.797      692.309
      68.071      106.900       68.797      692.309
      69.073      107.900       68.797      692.309
      70.073      107.900       68.797      692.309
      71.075      106.900       68.797      692.309
      72.076      108.900       68.797      692.309
      73.077      106.900       68.797      692.309
      74.078      107.800       68.797      692.309
      75.079      107.900       68.797      692.309
      76.080      108.900       68.797      692.309
      77.081      106.800       68.797      692.309
      78.083      107.900       68.797      692.309
      79.084      106.900       68.797      692.309
      80.085      108.900       68.797      692.309
      81.086      106.900       68.797      692.309
      82.087      107.900       68.797      692.309
      83.089      106.800       68.797      692.309
      84.090      108.900       68.797      692.309
      85.091      107.000       68.797      692.309
      86.092      108.800       68.797      692.309
      87.093      107.900       68.797      692.309
      88.095      107.800       68.797      692.309
      89.096      106.900       68.797      692.309
      90.097      107.900       68.797      692.309
      91.099      107.800       68.797      692.309
      92.100      107.900       68.797      692.309
      93.100      107.900       68.797      692.309
      94.102      106.900       68.797      692.309
      95.103      107.900       68.797      692.309
      96.104      107.900       68.797      692.309
      97.105      106.900       68.797      692.309
      98.105      107.900       68.797      692.309
      99.107      107.900       68.797      692.309
     100.108      108.900       68.797      692.309
     101.109      106.900       68.797      692.309
     102.111      107.800       68.797      692.309
     103.111      108.000       68.797      692.309
     104.113      107.900       68.797      692.309
     105.113      107.900       68.797      692.309
     106.114      106.900       68.797      692.309
     107.116      107.900       68.797      692.309
     108.117      107.900       68.797      692.309
     109.118      106.900       68.797      692.309
     110.119      107.900       68.797      692.309
     111.120      107.900       68.797      692.309
     112.121      107.800       68.797      692.309
     113.123      106.800       68.797      692.309
     114.124      107.900       68.797      692.309
     115.125      107.900       68.797      692.309
     116.127      107.800       68.797      692.309
     117.128      107.900       68.797      692.309
     118.129      107.900       68.797      692.309
     119.131      105.800       68.797      692.309
