# Elapsed time   CPU (%)     Real (MB)   Virtual (MB)
       0.000        0.000       72.645      696.273
       1.002      106.900       72.645      696.273
       2.003      105.900       72.645      696.273
       3.004      107.900       72.645      696.273
       4.005      105.900       72.645      696.273
       5.007      107.800       72.645      696.273
       6.007      106.000       72.645      696.273
       7.008      106.900       72.645      696.273
       8.010      106.900       72.645      696.273
       9.011      107.900       72.645      696.273
      10.012      105.900       72.645      696.273
      11.013      107.900       72.645      696.273
      12.015      106.900       72.645      696.273
      13.016      106.900       72.645      696.273
      14.017      106.900       72.645      696.273
      15.018      106.800       72.645      696.273
      16.020      106.800       72.645      696.273
      17.021      106.900       72.645      696.273
      18.021      106.900       72.645      696.273
      19.022      106.900       72.645      696.273
      20.023      106.900       72.645      696.273
      21.025      106.900       72.645      696.273
      22.025      106.900       72.645      696.273
      23.026      106.900       72.645      696.273
      24.028      106.800       72.645      696.273
      25.029      106.900       72.645      696.273
      26.030      107.900       72.645      696.273
      27.031      105.900       72.645      696.273
      28.033      106.900       72.645      696.273
      29.034      107.800       72.645      696.273
      30.035      106.800       72.645      696.273
      31.037      106.900       72.645      696.273
      32.038      105.900       72.645      696.273
      33.039      106.900       72.645      696.273
      34.040      106.900       72.645      696.273
      35.042      106.900       72.645      696.273
      36.043      106.800       72.645      696.273
      37.044      107.900       72.645      696.273
      38.045      105.900       72.645      696.273
      39.046      106.900       72.645      696.273
      40.047      107.900       72.645      696.273
      41.049      106.900       72.645      696.273
      42.049      106.900       72.645      696.273
      43.051      106.800       72.645      696.273
      44.052      106.900       72.645      696.273
      45.053      107.900       72.645      696.273
      46.054      105.900       72.645      696.273
      47.055      106.800       72.645      696.273
      48.055      107.000       72.645      696.273
      49.057      106.900       72.645      696.273
      50.057      106.900       72.645      696.273
      51.058      106.900       72.645      696.273
      52.059      106.900       72.645      696.273
      53.060      106.900       72.645      696.273
      54.061      106.900       72.645      696.273
      55.063      106.900       72.645      696.273
      56.063      106.900       72.645      696.273
      57.064      106.900       72.645      696.273
      58.066      106.900       72.645      696.273
      59.067      106.900       72.645      696.273
      60.068      107.900       72.645      696.273
      61.069      105.900       72.645      696.273
      62.070      106.900       72.645      696.273
      63.071      106.900       72.645      696.273
      64.072      106.900       72.645      696.273
      65.073      105.900       72.645      696.273
      66.074      106.900       72.645      696.273
      67.075      107.800       72.645      696.273
      68.076      106.900       72.645      696.273
      69.078      106.800       72.645      696.273
      70.079      106.900       72.645      696.273
      71.080      106.900       72.645      696.273
      72.081      106.900       72.645      696.273
      73.082      106.900       72.645      696.273
      74.083      105.900       72.645      696.273
      75.084      107.800       72.645      696.273
      76.086      106.900       72.645      696.273
      77.087      106.900       72.645      696.273
      78.088      106.900       72.645      696.273
      79.092      106.600       72.645      696.273
      80.093      106.900       72.645      696.273
      81.094      106.900       72.645      696.273
      82.095      105.900       72.645      696.273
      83.097      107.900       72.645      696.273
      84.098      106.900       72.645      696.273
      85.099      106.900       72.645      696.273
      86.100      106.900       72.645      696.273
      87.101      106.900       72.645      696.273
      88.101      106.900       72.645      696.273
      89.102      106.900       72.645      696.273
      90.104      106.900       72.645      696.273
      91.105      107.900       72.645      696.273
      92.106      105.900       72.645      696.273
      93.107      107.800       72.645      696.273
      94.107      106.000       72.645      696.273
      95.109      106.900       72.645      696.273
      96.110      106.900       72.645      696.273
      97.111      106.900       72.645      696.273
      98.112      106.900       72.645      696.273
      99.113      107.900       72.645      696.273
     100.114      105.900       72.645      696.273
     101.114      107.900       72.645      696.273
     102.115      106.900       72.645      696.273
     103.117      106.900       72.645      696.273
     104.118      106.900       72.645      696.273
     105.118      105.900       72.645      696.273
     106.120      107.900       72.645      696.273
     107.121      106.900       72.645      696.273
     108.121      106.900       72.645      696.273
     109.123      107.900       72.645      696.273
     110.124      105.900       72.645      696.273
     111.125      107.900       72.645      696.273
     112.126      106.900       72.645      696.273
     113.127      106.900       72.645      696.273
     114.129      107.800       72.645      696.273
     115.129      106.900       72.645      696.273
     116.130      106.900       72.645      696.273
     117.131      105.900       72.645      696.273
     118.133      106.900       72.645      696.273
     119.134      106.900       72.645      696.273
