# Elapsed time   CPU (%)     Real (MB)   Virtual (MB)
       0.000        0.000       72.645      696.273
       1.001      108.000       72.645      696.273
       2.002      107.900       72.645      696.273
       3.003      106.900       72.645      696.273
       4.004      108.900       72.645      696.273
       5.005      107.900       72.645      696.273
       6.007      107.900       72.645      696.273
       7.008      106.900       72.645      696.273
       8.009      108.800       72.645      696.273
       9.010      106.800       72.645      696.273
      10.011      108.900       72.645      696.273
      11.012      106.900       72.645      696.273
      12.012      106.900       72.645      696.273
      13.014      107.800       72.645      696.273
      14.015      108.800       72.645      696.273
      15.016      106.900       72.645      696.273
      16.017      107.800       72.645      696.273
      17.018      106.900       72.645      696.273
      18.019      107.900       72.645      696.273
      19.020      108.900       72.645      696.273
      20.021      106.900       72.645      696.273
      21.023      107.900       72.645      696.273
      22.023      107.900       72.645      696.273
      23.024      107.900       72.645      696.273
      24.025      107.900       72.645      696.273
      25.026      106.900       72.645      696.273
      26.028      107.800       72.645      696.273
      27.029      107.900       72.645      696.273
      28.030      107.900       72.645      696.273
      29.031      106.900       72.645      696.273
      30.032      108.800       72.645      696.273
      31.033      106.900       72.645      696.273
      32.034      107.900       72.645      696.273
      33.035      107.900       72.645      696.273
      34.037      107.900       72.645      696.273
      35.038      106.900       72.645      696.273
      36.039      107.900       72.645      696.273
      37.041      107.900       72.645      696.273
      38.042      107.900       72.645      696.273
      39.043      107.900       72.645      696.273
      40.044      107.900       72.645      696.273
      41.044      107.900       72.645      696.273
      42.045      107.900       72.645      696.273
      43.046      106.900       72.645      696.273
      44.048      108.800       72.645      696.273
      45.049      106.800       72.645      696.273
      46.050      107.900       72.645      696.273
      47.051      107.900       72.645      696.273
      48.052      106.900       72.645      696.273
      49.053      108.800       72.645      696.273
      50.055      106.900       72.645      696.273
      51.055      107.900       72.645      696.273
      52.057      106.800       72.645      696.273
      53.058      108.900       72.645      696.273
      54.059      106.900       72.645      696.273
      55.060      107.900       72.645      696.273
      56.061      107.800       72.645      696.273
      57.062      107.900       72.645      696.273
      58.063      107.900       72.645      696.273
      59.065      107.900       72.645      696.273
      60.066      106.900       72.645      696.273
      61.066      107.900       72.645      696.273
      62.068      107.900       72.645      696.273
      63.069      106.900       72.645      696.273
      64.070      107.900       72.645      696.273
      65.071      108.900       72.645      696.273
      66.072      106.900       72.645      696.273
      67.074      107.900       72.645      696.273
      68.075      107.800       72.645      696.273
      69.077      107.900       72.645      696.273
      70.078      107.900       72.645      696.273
      71.078      107.900       72.645      696.273
      72.079      107.900       72.645      696.273
      73.080      107.900       72.645      696.273
      74.081      107.900       72.645      696.273
      75.082      107.800       72.645      696.273
      76.084      107.800       72.645      696.273
      77.084      107.900       72.645      696.273
      78.085      106.900       72.645      696.273
      79.085      108.000       72.645      696.273
      80.087      106.900       72.645      696.273
      81.088      107.900       72.645      696.273
      82.089      107.900       72.645      696.273
      83.090      106.900       72.645      696.273
      84.091      107.900       72.645      696.273
      85.092      107.900       72.645      696.273
      86.094      108.900       72.645      696.273
      87.095      106.800       72.645      696.273
      88.097      107.900       72.645      696.273
      89.097      106.900       72.645      696.273
      90.099      107.900       72.645      696.273
      91.100      108.900       72.645      696.273
      92.101      106.900       72.645      696.273
      93.102      107.800       72.645      696.273
      94.103      107.900       72.645      696.273
      95.105      107.900       72.645      696.273
      96.106      106.900       72.645      696.273
      97.107      107.900       72.645      696.273
      98.108      107.900       72.645      696.273
      99.109      107.900       72.645      696.273
     100.110      106.900       72.645      696.273
     101.111      108.900       72.645      696.273
     102.112      107.900       72.645      696.273
     103.113      107.900       72.645      696.273
     104.114      106.900       72.645      696.273
     105.115      108.900       72.645      696.273
     106.117      106.900       72.645      696.273
     107.117      107.900       72.645      696.273
     108.119      107.900       72.645      696.273
     109.119      107.900       72.645      696.273
     110.120      107.900       72.645      696.273
     111.121      106.800       72.645      696.273
     112.123      107.800       72.645      696.273
     113.124      107.900       72.645      696.273
     114.125      106.900       72.645      696.273
     115.127      107.900       72.645      696.273
     116.127      107.900       72.645      696.273
     117.129      107.900       72.645      696.273
     118.130      106.900       72.645      696.273
     119.131      108.900       72.645      696.273
