# Elapsed time   CPU (%)     Real (MB)   Virtual (MB)
       0.000        0.000       72.645      696.273
       1.002      107.900       72.645      696.273
       2.003      107.900       72.645      696.273
       3.004      107.900       72.645      696.273
       4.005      106.900       72.645      696.273
       5.006      108.900       72.645      696.273
       6.007      106.900       72.645      696.273
       7.008      107.900       72.645      696.273
       8.009      107.900       72.645      696.273
       9.010      107.900       72.645      696.273
      10.012      107.900       72.645      696.273
      11.012      107.900       72.645      696.273
      12.013      106.900       72.645      696.273
      13.014      107.800       72.645      696.273
      14.016      108.900       72.645      696.273
      15.017      106.900       72.645      696.273
      16.018      105.900       72.645      696.273
      17.020      108.900       72.645      696.273
      18.020      107.900       72.645      696.273
      19.022      107.900       72.645      696.273
      20.022      107.900       72.645      696.273
      21.023      107.900       72.645      696.273
      22.024      106.800       72.645      696.273
      23.026      107.900       72.645      696.273
      24.026      107.900       72.645      696.273
      25.028      107.900       72.645      696.273
      26.029      107.900       72.645      696.273
      27.030      107.800       72.645      696.273
      28.032      106.900       72.645      696.273
      29.033      108.900       72.645      696.273
      30.033      107.000       72.645      696.273
      31.034      106.900       72.645      696.273
      32.035      108.900       72.645      696.273
      33.036      106.900       72.645      696.273
      34.037      107.900       72.645      696.273
      35.038      108.900       72.645      696.273
      36.040      106.900       72.645      696.273
      37.041      106.900       72.645      696.273
      38.042      107.900       72.645      696.273
      39.043      107.900       72.645      696.273
      40.045      107.900       72.645      696.273
      41.046      107.800       72.645      696.273
      42.047      107.800       72.645      696.273
      43.049      107.900       72.645      696.273
      44.050      107.900       72.645      696.273
      45.051      106.900       72.645      696.273
      46.052      107.900       72.645      696.273
      47.053      106.800       72.645      696.273
      48.055      108.900       72.645      696.273
      49.056      107.900       72.645      696.273
      50.057      107.900       72.645      696.273
      51.057      107.900       72.645      696.273
      52.058      108.000       72.645      696.273
      53.059      106.800       72.645      696.273
      54.060      107.900       72.645      696.273
      55.062      107.900       72.645      696.273
      56.062      106.900       72.645      696.273
      57.064      107.800       72.645      696.273
      58.065      106.800       72.645      696.273
      59.067      108.800       72.645      696.273
      60.068      106.900       72.645      696.273
      61.069      107.800       72.645      696.273
      62.070      107.900       72.645      696.273
      63.071      108.000       72.645      696.273
      64.072      107.900       72.645      696.273
      65.073      106.900       72.645      696.273
      66.074      107.900       72.645      696.273
      67.075      107.900       72.645      696.273
      68.076      107.900       72.645      696.273
      69.078      107.900       72.645      696.273
      70.079      106.900       72.645      696.273
      71.080      107.900       72.645      696.273
      72.081      107.900       72.645      696.273
      73.082      107.900       72.645      696.273
      74.083      106.900       72.645      696.273
      75.084      107.900       72.645      696.273
      76.085      107.900       72.645      696.273
      77.087      107.900       72.645      696.273
      78.087      107.900       72.645      696.273
      79.088      106.900       72.645      696.273
      80.090      107.900       72.645      696.273
      81.091      107.900       72.645      696.273
      82.092      107.900       72.645      696.273
      83.093      108.000       72.645      696.273
      84.094      107.900       72.645      696.273
      85.094      106.900       72.645      696.273
      86.096      108.900       72.645      696.273
      87.097      106.800       72.645      696.273
      88.098      108.900       72.645      696.273
      89.099      105.900       72.645      696.273
      90.100      108.900       72.645      696.273
      91.101      106.900       72.645      696.273
      92.102      108.900       72.645      696.273
      93.103      106.900       72.645      696.273
      94.104      107.800       72.645      696.273
      95.105      107.900       72.645      696.273
      96.107      107.800       72.645      696.273
      97.108      106.900       72.645      696.273
      98.109      107.900       72.645      696.273
      99.110      107.900       72.645      696.273
     100.111      107.900       72.645      696.273
     101.112      107.900       72.645      696.273
     102.113      107.900       72.645      696.273
     103.114      107.900       72.645      696.273
     104.114      106.900       72.645      696.273
     105.116      107.900       72.645      696.273
     106.117      107.900       72.645      696.273
     107.118      106.900       72.645      696.273
     108.119      108.900       72.645      696.273
     109.119      106.900       72.645      696.273
     110.120      107.900       72.645      696.273
     111.121      107.900       72.645      696.273
     112.122      106.900       72.645      696.273
     113.122      107.900       72.645      696.273
     114.124      107.900       72.645      696.273
     115.125      106.900       72.645      696.273
     116.126      108.900       72.645      696.273
     117.127      106.900       72.645      696.273
     118.128      106.900       72.645      696.273
     119.129      108.900       72.645      696.273
