# Elapsed time   CPU (%)     Real (MB)   Virtual (MB)
       0.000        0.000       72.645      696.273
       1.001      106.900       72.645      696.273
       2.002      108.900       72.645      696.273
       3.003      107.900       72.645      696.273
       4.005      106.900       72.645      696.273
       5.005      107.900       72.645      696.273
       6.007      108.900       72.645      696.273
       7.007      107.900       72.645      696.273
       8.009      106.900       72.645      696.273
       9.010      107.800       72.645      696.273
      10.011      107.900       72.645      696.273
      11.012      106.900       72.645      696.273
      12.013      107.900       72.645      696.273
      13.014      107.900       72.645      696.273
      14.016      107.900       72.645      696.273
      15.016      107.900       72.645      696.273
      16.018      107.900       72.645      696.273
      17.019      107.900       72.645      696.273
      18.020      107.900       72.645      696.273
      19.021      106.900       72.645      696.273
      20.022      108.900       72.645      696.273
      21.024      107.900       72.645      696.273
      22.025      106.900       72.645      696.273
      23.026      107.900       72.645      696.273
      24.027      106.800       72.645      696.273
      25.028      108.000       72.645      696.273
      26.029      107.900       72.645      696.273
      27.030      107.900       72.645      696.273
      28.031      107.900       72.645      696.273
      29.032      107.900       72.645      696.273
      30.033      106.900       72.645      696.273
      31.034      108.900       72.645      696.273
      32.035      106.900       72.645      696.273
      33.037      107.900       72.645      696.273
      34.038      107.900       72.645      696.273
      35.039      106.900       72.645      696.273
      36.041      107.800       72.645      696.273
      37.042      108.900       72.645      696.273
      38.043      107.800       72.645      696.273
      39.045      106.800       72.645      696.273
      40.046      107.900       72.645      696.273
      41.047      108.900       72.645      696.273
      42.049      106.900       72.645      696.273
      43.050      107.900       72.645      696.273
      44.051      107.900       72.645      696.273
      45.052      106.900       72.645      696.273
      46.053      107.900       72.645      696.273
      47.054      107.900       72.645      696.273
      48.055      107.900       72.645      696.273
      49.057      107.900       72.645      696.273
      50.058      107.900       72.645      696.273
      51.059      107.900       72.645      696.273
      52.060      106.900       72.645      696.273
      53.062      107.900       72.645      696.273
      54.063      107.900       72.645      696.273
      55.064      107.900       72.645      696.273
      56.066      106.900       72.645      696.273
      57.067      107.900       72.645      696.273
      58.068      108.900       72.645      696.273
      59.068      106.900       72.645      696.273
      60.069      108.000       72.645      696.273
      61.070      107.900       72.645      696.273
      62.071      106.800       72.645      696.273
      63.072      107.900       72.645      696.273
      64.073      107.900       72.645      696.273
      65.074      108.900       72.645      696.273
      66.075      107.900       72.645      696.273
      67.076      106.800       72.645      696.273
      68.078      106.900       72.645      696.273
      69.079      108.900       72.645      696.273
      70.080      107.900       72.645      696.273
      71.081      107.900       72.645      696.273
      72.082      106.900       72.645      696.273
      73.083      107.900       72.645      696.273
      74.084      107.900       72.645      696.273
      75.086      107.800       72.645      696.273
      76.087      107.900       72.645      696.273
      77.088      107.900       72.645      696.273
      78.089      106.900       72.645      696.273
      79.090      109.000       72.645      696.273
      80.091      107.900       72.645      696.273
      81.091      107.900       72.645      696.273
      82.092      107.900       72.645      696.273
      83.093      106.900       72.645      696.273
      84.095      107.800       72.645      696.273
      85.096      106.900       72.645      696.273
      86.097      107.900       72.645      696.273
      87.098      107.900       72.645      696.273
      88.099      108.900       72.645      696.273
      89.100      106.900       72.645      696.273
      90.101      106.900       72.645      696.273
      91.103      108.900       72.645      696.273
      92.104      106.900       72.645      696.273
      93.105      107.900       72.645      696.273
      94.106      107.900       72.645      696.273
      95.107      107.900       72.645      696.273
      96.108      106.900       72.645      696.273
      97.109      107.900       72.645      696.273
      98.110      108.900       72.645      696.273
      99.112      106.900       72.645      696.273
     100.113      107.900       72.645      696.273
     101.114      106.900       72.645      696.273
     102.115      107.900       72.645      696.273
     103.116      108.900       72.645      696.273
     104.117      107.900       72.645      696.273
     105.118      107.900       72.645      696.273
     106.120      107.900       72.645      696.273
     107.121      107.900       72.645      696.273
     108.122      107.900       72.645      696.273
     109.124      106.800       72.645      696.273
     110.125      107.900       72.645      696.273
     111.126      107.800       72.645      696.273
     112.127      107.900       72.645      696.273
     113.128      107.900       72.645      696.273
     114.129      106.900       72.645      696.273
     115.130      108.900       72.645      696.273
     116.131      107.900       72.645      696.273
     117.133      107.800       72.645      696.273
     118.134      106.900       72.645      696.273
     119.135      107.900       72.645      696.273
