# Elapsed time   CPU (%)     Real (MB)   Virtual (MB)
       0.000        0.000       73.906      697.480
       1.001      106.900       73.906      697.480
       2.003      107.800       73.906      697.480
       3.004      107.800       73.906      697.480
       4.005      107.900       73.906      697.480
       5.007      106.900       73.906      697.480
       6.008      107.900       73.906      697.480
       7.009      107.900       73.906      697.480
       8.010      107.900       73.906      697.480
       9.011      107.900       73.906      697.480
      10.012      106.900       73.906      697.480
      11.013      107.900       73.906      697.480
      12.014      107.900       73.906      697.480
      13.016      107.900       73.906      697.480
      14.017      107.900       73.906      697.480
      15.018      106.900       73.906      697.480
      16.018      108.900       73.906      697.480
      17.020      106.900       73.906      697.480
      18.020      108.900       73.906      697.480
      19.022      106.900       73.906      697.480
      20.023      107.900       73.906      697.480
      21.023      107.900       73.906      697.480
      22.024      107.900       73.906      697.480
      23.026      107.800       73.906      697.480
      24.027      106.800       73.906      697.480
      25.028      107.900       73.906      697.480
      26.029      108.000       73.906      697.480
      27.030      107.900       73.906      697.480
      28.031      107.900       73.906      697.480
      29.032      107.900       73.906      697.480
      30.033      107.900       73.906      697.480
      31.034      106.900       73.906      697.480
      32.035      107.900       73.906      697.480
      33.036      107.900       73.906      697.480
      34.036      107.900       73.906      697.480
      35.037      107.900       73.906      697.480
      36.038      106.900       73.906      697.480
      37.039      107.900       73.906      697.480
      38.040      106.900       73.906      697.480
      39.042      107.900       73.906      697.480
      40.043      107.800       73.906      697.480
      41.044      107.900       73.906      697.480
      42.044      107.900       73.906      697.480
      43.046      106.900       73.906      697.480
      44.047      108.800       73.906      697.480
      45.048      106.900       73.906      697.480
      46.049      106.900       73.906      697.480
      47.050      107.800       73.906      697.480
      48.050      108.900       73.906      697.480
      49.051      107.900       73.906      697.480
      50.052      106.900       73.906      697.480
      51.054      107.900       73.906      697.480
      52.055      107.900       73.906      697.480
      53.056      107.900       74.164      697.844
      54.057      106.900       74.164      697.844
      55.058      108.900       74.164      697.844
      56.059      106.900       75.195      698.957
      57.060      107.900       75.195      698.957
      58.062      106.900       75.453      699.121
      59.063      107.800       75.453      699.121
      60.064      107.900       75.453      699.285
      61.064      107.900       75.453      699.285
      62.066      107.800       75.453      699.285
      63.067      106.900       75.711      699.449
      64.068      107.800       75.711      699.449
      65.069      108.900       75.969      699.613
      66.070      107.800       75.969      699.613
      67.071      106.900       75.969      699.613
      68.072      107.900       76.227      699.875
      69.073      107.900       76.227      699.875
      70.074      108.000       76.227      700.016
      71.075      107.900       76.227      700.016
      72.076      106.900       76.227      700.016
      73.077      108.900       76.484      700.156
      74.078      107.900       76.484      700.156
      75.081      106.800       76.484      700.156
      76.082      107.900       76.484      700.297
      77.083      108.900       76.484      700.297
      78.084      105.900       76.363      699.875
      79.084      108.900       76.363      699.875
      80.085      107.900       76.363      699.875
      81.086      107.900       76.617      700.449
      82.087      106.900       76.617      700.449
      83.088      107.900       76.875      700.621
      84.089      107.900       76.875      700.621
      85.090      106.900       76.875      700.621
      86.091      107.900       76.875      700.762
      87.092      107.900       76.875      700.762
      88.093      107.900       76.875      700.762
      89.094      108.900       76.688      700.449
      90.095      107.900       76.688      700.449
      91.097      106.900       76.688      700.449
      92.097      107.900       76.645      700.156
      93.098      108.900       76.645      700.156
      94.099      107.900       76.645      700.156
      95.101      106.900       76.645      700.156
      96.101      106.900       76.645      700.156
      97.103      108.800       76.645      700.156
      98.104      107.900       76.645      700.156
      99.104      107.900       76.645      700.156
     100.105      106.900       76.645      700.156
     101.106      107.900       76.645      700.156
     102.107      107.800       76.645      700.156
     103.108      107.900       76.645      700.156
     104.109      106.900       76.645      700.156
     105.110      108.800       76.645      700.156
     106.111      106.900       76.645      700.156
     107.111      107.900       76.645      700.156
     108.112      106.900       76.645      700.156
     109.114      107.900       76.645      700.156
     110.115      107.900       76.645      700.156
     111.116      107.900       76.645      700.156
     112.117      106.900       76.645      700.156
     113.118      108.900       76.645      700.156
     114.119      107.900       76.645      700.156
     115.120      107.900       76.645      700.156
     116.121      106.900       76.645      700.156
     117.122      107.900       76.645      700.156
     118.123      107.900       76.645      700.156
     119.125      107.900       76.645      700.156
