# Elapsed time   CPU (%)     Real (MB)   Virtual (MB)
       0.000        0.000       68.797      692.309
       1.001      106.900       68.797      692.309
       2.002      107.900       68.797      692.309
       3.003      107.900       68.797      692.309
       4.004      106.900       68.797      692.309
       5.005      107.900       68.797      692.309
       6.006      107.900       68.797      692.309
       7.007      107.800       68.797      692.309
       8.008      107.900       68.797      692.309
       9.009      106.900       68.797      692.309
      10.010      108.900       68.797      692.309
      11.012      106.900       68.797      692.309
      12.012      107.900       68.797      692.309
      13.014      106.900       68.797      692.309
      14.015      107.800       68.797      692.309
      15.016      107.900       68.797      692.309
      16.018      107.900       68.797      692.309
      17.019      107.800       68.797      692.309
      18.021      107.900       68.797      692.309
      19.022      107.900       68.797      692.309
      20.023      107.900       68.797      692.309
      21.024      107.900       68.797      692.309
      22.025      107.900       68.797      692.309
      23.026      107.900       68.797      692.309
      24.027      106.900       68.797      692.309
      25.028      107.900       68.797      692.309
      26.029      106.900       68.797      692.309
      27.030      107.900       68.797      692.309
      28.031      108.900       68.797      692.309
      29.032      107.900       68.797      692.309
      30.034      106.800       68.797      692.309
      31.035      108.900       68.797      692.309
      32.036      106.800       68.797      692.309
      33.037      106.900       68.797      692.309
      34.038      107.900       68.797      692.309
      35.039      107.900       68.797      692.309
      36.040      107.900       68.797      692.309
      37.042      107.900       68.797      692.309
      38.043      107.900       68.797      692.309
      39.044      107.900       68.797      692.309
      40.045      107.900       68.797      692.309
      41.047      106.900       68.797      692.309
      42.048      107.900       68.797      692.309
      43.049      107.900       68.797      692.309
      44.050      107.900       68.797      692.309
      45.051      107.900       68.797      692.309
      46.052      107.900       68.797      692.309
      47.053      106.900       68.797      692.309
      48.054      107.900       68.797      692.309
      49.055      107.900       68.797      692.309
      50.056      107.800       68.797      692.309
      51.058      106.900       68.797      692.309
      52.059      108.900       68.797      692.309
      53.060      106.900       68.797      692.309
      54.061      107.900       68.797      692.309
      55.062      107.900       68.797      692.309
      56.063      107.900       68.797      692.309
      57.064      106.900       68.797      692.309
      58.065      108.900       68.797      692.309
      59.066      106.900       68.797      692.309
      60.067      106.900       68.797      692.309
      61.068      108.900       68.797      692.309
      62.070      107.900       68.797      692.309
      63.071      106.900       68.797      692.309
      64.072      108.800       68.797      692.309
      65.074      106.900       68.797      692.309
      66.074      108.000       68.797      692.309
      67.075      107.900       68.797      692.309
      68.076      106.800       68.797      692.309
      69.077      107.900       68.797      692.309
      70.079      108.800       68.797      692.309
      71.080      106.900       68.797      692.309
      72.081      107.900       68.797      692.309
      73.082      107.900       68.797      692.309
      74.083      107.900       68.797      692.309
      75.084      106.900       68.797      692.309
      76.086      108.900       68.797      692.309
      77.087      106.900       68.797      692.309
      78.088      106.900       68.797      692.309
      79.088      108.900       68.797      692.309
      80.090      106.900       68.797      692.309
      81.091      108.800       68.797      692.309
      82.092      107.900       68.797      692.309
      83.094      107.900       68.797      692.309
      84.095      106.900       68.797      692.309
      85.096      107.900       68.797      692.309
      86.098      107.900       68.797      692.309
      87.099      106.900       68.797      692.309
      88.100      106.900       68.797      692.309
      89.101      107.900       68.797      692.309
      90.103      108.900       68.797      692.309
      91.104      106.900       68.797      692.309
      92.105      107.900       68.797      692.309
      93.106      107.900       68.797      692.309
      94.107      107.900       68.797      692.309
      95.108      106.800       68.797      692.309
      96.110      108.900       68.797      692.309
      97.111      107.900       68.797      692.309
      98.112      107.800       68.797      692.309
      99.114      106.800       68.797      692.309
     100.115      108.900       68.797      692.309
     101.116      106.900       68.797      692.309
     102.116      107.900       69.051      692.738
     103.117      106.900       69.051      692.738
     104.118      107.900       69.051      692.879
     105.119      107.900       69.051      692.879
     106.120      106.900       69.051      692.879
     107.121      108.800       69.309      693.094
     108.123      107.900       69.309      693.094
     109.124      106.900       69.566      693.234
     110.124      106.900       69.566      693.234
     111.126      108.900       69.566      693.234
     112.127      107.900       69.215      692.727
     113.128      107.900       69.215      692.727
     114.129      106.900       69.727      693.422
     115.130      108.000       69.727      693.422
     116.131      107.900       70.242      694.027
     117.132      107.900       70.242      694.027
     118.133      106.900       70.242      694.027
     119.134      107.900       70.500      694.199
