# Elapsed time   CPU (%)     Real (MB)   Virtual (MB)
       0.000        0.000       74.836      698.719
       1.001      106.900       74.836      698.719
       2.002      107.900       75.094      698.859
       3.003      107.900       75.094      698.859
       4.004      107.900       75.094      698.859
       5.005      107.800       75.094      698.859
       6.006      107.800       75.094      698.859
       7.008      107.900       75.094      698.859
       8.009      107.900       75.094      698.859
       9.011      106.800       75.094      698.859
      10.012      107.800       75.352      699.023
      11.013      107.900       75.352      699.023
      12.015      107.900       75.352      699.164
      13.016      107.900       75.352      699.164
      14.017      107.800       75.609      699.305
      15.018      106.900       75.609      699.305
      16.019      108.900       75.609      699.305
      17.021      107.900       75.609      699.445
      18.021      106.900       75.609      699.445
      19.023      107.900       76.383      700.242
      20.024      107.800       76.383      700.242
      21.025      107.900       73.746      697.480
      22.027      108.900       73.746      697.480
      23.028      106.900       73.746      697.480
      24.029      108.900       73.746      697.480
      25.030      106.900       73.746      697.480
      26.031      108.900       73.746      697.480
      27.032      106.900       73.746      697.480
      28.033      106.900       73.746      697.480
      29.034      108.800       73.746      697.480
      30.036      107.900       73.746      697.480
      31.037      106.800       73.746      697.480
      32.038      107.900       73.746      697.480
      33.039      108.900       73.746      697.480
      34.039      107.000       73.746      697.480
      35.040      107.900       73.746      697.480
      36.041      107.900       73.746      697.480
      37.042      107.800       73.746      697.480
      38.043      106.900       73.746      697.480
      39.044      107.900       73.746      697.480
      40.045      107.900       73.746      697.480
      41.046      107.900       73.746      697.480
      42.047      108.900       73.746      697.480
      43.047      106.900       73.746      697.480
      44.049      107.900       73.746      697.480
      45.049      107.000       73.746      697.480
      46.050      107.900       73.746      697.480
      47.051      107.900       73.746      697.480
      48.052      107.900       73.746      697.480
      49.054      107.900       73.746      697.480
      50.055      107.900       73.746      697.480
      51.056      107.900       73.746      697.480
      52.057      107.900       73.746      697.480
      53.059      107.800       73.746      697.480
      54.060      107.900       73.746      697.480
      55.061      106.900       73.746      697.480
      56.061      108.000       73.746      697.480
      57.063      107.800       73.746      697.480
      58.064      106.800       73.746      697.480
      59.066      107.800       73.746      697.480
      60.067      107.900       73.746      697.480
      61.068      107.900       73.746      697.480
      62.069      107.800       73.746      697.480
      63.070      107.900       73.746      697.480
      64.072      107.800       73.746      697.480
      65.073      107.900       73.746      697.480
      66.074      107.900       73.746      697.480
      67.075      107.800       73.746      697.480
      68.076      105.900       73.746      697.480
      69.077      108.900       73.746      697.480
      70.079      107.800       73.746      697.480
      71.079      106.900       73.746      697.480
      72.081      107.800       73.746      697.480
      73.082      106.900       73.746      697.480
      74.083      107.900       73.746      697.480
      75.084      107.900       73.746      697.480
      76.085      107.900       73.746      697.480
      77.087      107.900       73.746      697.480
      78.087      107.900       73.746      697.480
      79.088      106.900       73.746      697.480
      80.089      107.900       73.746      697.480
      81.091      107.900       73.746      697.480
      82.092      107.800       73.746      697.480
      83.093      107.900       73.746      697.480
      84.095      107.900       73.746      697.480
      85.096      106.900       73.746      697.480
      86.097      107.900       73.746      697.480
      87.099      107.800       73.746      697.480
      88.100      107.900       73.746      697.480
      89.101      107.900       73.746      697.480
      90.102      107.900       73.746      697.480
      91.103      107.900       73.746      697.480
      92.104      106.900       73.746      697.480
      93.105      107.900       73.746      697.480
      94.105      107.900       73.746      697.480
      95.106      107.900       73.746      697.621
      96.106      107.900       73.746      697.621
      97.108      107.900       73.746      697.621
      98.109      107.800       74.004      697.836
      99.111      107.800       74.004      697.836
     100.112      107.900       74.004      697.836
     101.113      107.900       74.520      698.215
     102.114      107.900       74.520      698.215
     103.114      105.900       74.777      698.477
     104.115      107.900       74.777      698.477
     105.116      107.900       74.777      698.477
     106.117      107.900       73.906      697.480
     107.118      107.900       73.906      697.480
     108.119      108.000       73.906      697.480
     109.120      106.900       73.906      697.480
     110.121      108.900       73.906      697.480
     111.123      107.900       73.906      697.480
     112.123      107.900       73.906      697.480
     113.124      106.900       73.906      697.480
     114.125      107.900       73.906      697.480
     115.126      107.900       73.906      697.480
     116.127      107.900       73.906      697.480
     117.128      107.900       73.906      697.480
     118.129      106.900       73.906      697.480
     119.131      107.900       73.906      697.480
