# Elapsed time   CPU (%)     Real (MB)   Virtual (MB)
       0.000        0.000       72.645      696.273
       1.001      107.000       72.645      696.273
       2.002      106.900       72.645      696.273
       3.002      106.900       72.645      696.273
       4.004      106.900       72.645      696.273
       5.005      106.900       72.645      696.273
       6.006      106.900       72.645      696.273
       7.006      105.900       72.645      696.273
       8.008      106.900       72.645      696.273
       9.008      107.000       72.645      696.273
      10.009      106.900       72.645      696.273
      11.010      106.900       72.645      696.273
      12.011      106.800       72.645      696.273
      13.012      107.900       72.645      696.273
      14.014      106.900       72.645      696.273
      15.015      106.900       72.645      696.273
      16.016      106.900       72.645      696.273
      17.017      107.900       72.645      696.273
      18.018      105.900       72.645      696.273
      19.020      106.900       72.645      696.273
      20.020      107.900       72.645      696.273
      21.021      106.900       72.645      696.273
      22.022      105.900       72.645      696.273
      23.023      106.900       72.645      696.273
      24.024      106.900       72.645      696.273
      25.025      106.900       72.645      696.273
      26.026      106.900       72.645      696.273
      27.027      106.900       72.645      696.273
      28.029      106.900       72.645      696.273
      29.029      106.900       72.645      696.273
      30.031      106.900       72.645      696.273
      31.032      107.900       72.645      696.273
      32.033      105.900       72.645      696.273
      33.034      106.900       72.645      696.273
      34.035      105.900       72.645      696.273
      35.036      107.900       72.645      696.273
      36.036      107.000       72.645      696.273
      37.037      106.900       72.645      696.273
      38.038      106.900       72.645      696.273
      39.039      106.900       72.645      696.273
      40.040      106.900       72.645      696.273
      41.041      106.800       72.645      696.273
      42.042      107.900       72.645      696.273
      43.043      106.900       72.645      696.273
      44.044      106.900       72.645      696.273
      45.045      105.900       72.645      696.273
      46.046      106.900       72.645      696.273
      47.047      106.900       72.645      696.273
      48.048      106.900       72.645      696.273
      49.049      106.900       72.645      696.273
      50.050      107.900       72.645      696.273
      51.051      105.900       72.645      696.273
      52.052      107.900       72.645      696.273
      53.053      106.900       72.645      696.273
      54.055      106.900       72.645      696.273
      55.055      105.900       72.645      696.273
      56.056      107.900       72.645      696.273
      57.057      106.900       72.645      696.273
      58.058      106.900       72.645      696.273
      59.058      106.000       72.645      696.273
      60.059      106.900       72.645      696.273
      61.061      106.800       72.645      696.273
      62.062      106.900       72.645      696.273
      63.063      106.900       72.645      696.273
      64.064      106.900       72.645      696.273
      65.065      106.900       72.645      696.273
      66.067      107.800       72.645      696.273
      67.068      106.900       72.645      696.273
      68.069      106.900       72.645      696.273
      69.070      105.900       72.645      696.273
      70.071      107.900       72.645      696.273
      71.072      106.900       72.645      696.273
      72.073      106.900       72.645      696.273
      73.074      106.900       72.645      696.273
      74.076      106.800       72.645      696.273
      75.077      106.900       72.645      696.273
      76.078      106.900       72.645      696.273
      77.079      106.900       72.645      696.273
      78.080      107.900       72.645      696.273
      79.081      105.900       72.645      696.273
      80.082      106.800       72.645      696.273
      81.088      107.400       72.645      696.273
      82.089      106.900       72.645      696.273
      83.090      107.900       72.645      696.273
      84.090      106.000       72.645      696.273
      85.092      106.800       72.645      696.273
      86.093      106.900       72.645      696.273
      87.095      107.800       72.645      696.273
      88.096      106.900       72.645      696.273
      89.097      106.800       72.645      696.273
      90.099      106.900       72.645      696.273
      91.099      106.900       72.645      696.273
      92.100      106.900       72.645      696.273
      93.101      106.800       72.645      696.273
      94.102      106.900       72.645      696.273
      95.103      106.900       72.645      696.273
      96.104      106.900       72.645      696.273
      97.105      107.900       72.645      696.273
      98.107      105.900       72.645      696.273
      99.108      107.900       72.645      696.273
     100.109      106.900       72.645      696.273
     101.110      106.900       72.645      696.273
     102.110      106.900       72.645      696.273
     103.112      106.900       72.645      696.273
     104.113      107.900       72.645      696.273
     105.114      105.900       72.645      696.273
     106.115      107.900       72.645      696.273
     107.116      106.900       72.645      696.273
     108.117      106.900       72.645      696.273
     109.119      106.900       72.645      696.273
     110.120      104.900       72.645      696.273
     111.121      107.900       72.645      696.273
     112.121      106.900       72.645      696.273
     113.122      106.900       72.645      696.273
     114.123      105.900       72.645      696.273
     115.124      107.900       72.645      696.273
     116.125      106.900       72.645      696.273
     117.127      105.900       72.645      696.273
     118.128      107.900       72.645      696.273
     119.129      107.900       72.645      696.273
