# Elapsed time   CPU (%)     Real (MB)   Virtual (MB)
       0.000        0.000       72.645      696.273
       1.002      107.900       72.645      696.273
       2.003      106.900       72.645      696.273
       3.004      105.900       72.645      696.273
       4.006      107.900       72.645      696.273
       5.007      106.900       72.645      696.273
       6.008      106.900       72.645      696.273
       7.009      106.900       72.645      696.273
       8.011      106.900       72.645      696.273
       9.012      106.900       72.645      696.273
      10.013      106.900       72.645      696.273
      11.014      106.900       72.645      696.273
      12.014      106.900       72.645      696.273
      13.015      106.900       72.645      696.273
      14.016      107.900       72.645      696.273
      15.016      105.900       72.645      696.273
      16.017      106.900       72.645      696.273
      17.018      106.900       72.645      696.273
      18.019      106.900       72.645      696.273
      19.020      106.900       72.645      696.273
      20.021      106.900       72.645      696.273
      21.022      107.900       72.645      696.273
      22.022      105.900       72.645      696.273
      23.024      106.900       72.645      696.273
      24.025      106.900       72.645      696.273
      25.026      107.000       72.645      696.273
      26.027      106.900       72.645      696.273
      27.028      107.900       72.645      696.273
      28.029      106.900       72.645      696.273
      29.030      106.900       72.645      696.273
      30.031      106.900       72.645      696.273
      31.032      106.000       72.645      696.273
      32.033      106.900       72.645      696.273
      33.035      107.900       72.645      696.273
      34.036      106.800       72.645      696.273
      35.037      107.800       72.645      696.273
      36.039      105.800       72.645      696.273
      37.040      106.900       72.645      696.273
      38.042      107.900       72.645      696.273
      39.043      106.900       72.645      696.273
      40.044      106.800       72.645      696.273
      41.046      106.900       72.645      696.273
      42.047      106.900       72.645      696.273
      43.048      106.900       72.645      696.273
      44.049      106.900       72.645      696.273
      45.050      107.900       72.645      696.273
      46.051      105.900       72.645      696.273
      47.052      106.900       72.645      696.273
      48.054      106.900       72.645      696.273
      49.054      108.000       72.645      696.273
      50.055      106.900       72.645      696.273
      51.056      105.900       72.645      696.273
      52.057      106.900       72.645      696.273
      53.059      107.900       72.645      696.273
      54.060      105.900       72.645      696.273
      55.061      107.900       72.645      696.273
      56.062      106.900       72.645      696.273
      57.064      106.800       72.645      696.273
      58.065      106.900       72.645      696.273
      59.066      107.000       72.645      696.273
      60.067      105.900       72.645      696.273
      61.067      107.900       72.645      696.273
      62.069      106.900       72.645      696.273
      63.070      105.900       72.645      696.273
      64.071      106.900       72.645      696.273
      65.071      107.000       72.645      696.273
      66.072      106.900       72.645      696.273
      67.073      106.900       72.645      696.273
      68.074      106.900       72.645      696.273
      69.075      105.900       72.645      696.273
      70.076      106.900       72.645      696.273
      71.077      106.900       72.645      696.273
      72.078      107.900       72.645      696.273
      73.079      106.900       72.645      696.273
      74.080      106.900       72.645      696.273
      75.081      105.900       72.645      696.273
      76.082      106.900       72.645      696.273
      77.084      106.900       72.645      696.273
      78.085      106.900       72.645      696.273
      79.086      106.900       72.645      696.273
      80.087      107.900       72.645      696.273
      81.089      105.900       72.645      696.273
      82.090      107.900       72.645      696.273
      83.091      106.900       72.645      696.273
      84.092      106.800       72.645      696.273
      85.094      105.900       72.645      696.273
      86.095      107.900       72.645      696.273
      87.096      106.900       72.645      696.273
      88.098      107.900       72.645      696.273
      89.099      106.900       72.645      696.273
      90.100      105.900       72.645      696.273
      91.101      107.900       72.645      696.273
      92.102      106.900       72.645      696.273
      93.103      106.900       72.645      696.273
      94.104      106.900       72.645      696.273
      95.105      106.900       72.645      696.273
      96.106      107.000       72.645      696.273
      97.106      106.900       72.645      696.273
      98.107      105.900       72.645      696.273
      99.108      107.900       72.645      696.273
     100.109      106.900       72.645      696.273
     101.110      105.900       72.645      696.273
     102.111      107.900       72.645      696.273
     103.112      105.900       72.645      696.273
     104.113      107.900       72.645      696.273
     105.114      106.900       72.645      696.273
     106.115      106.900       72.645      696.273
     107.116      105.900       72.645      696.273
     108.117      107.900       72.645      696.273
     109.118      107.900       72.645      696.273
     110.118      107.000       72.645      696.273
     111.120      106.900       72.645      696.273
     112.121      106.900       72.645      696.273
     113.122      106.900       72.645      696.273
     114.123      106.900       72.645      696.273
     115.124      106.900       72.645      696.273
     116.125      106.900       72.645      696.273
     117.126      108.000       72.645      696.273
     118.126      106.000       72.645      696.273
     119.127      106.900       72.645      696.273
