# Elapsed time   CPU (%)     Real (MB)   Virtual (MB)
       0.000        0.000       70.500      694.340
       1.002      107.800       70.758      694.480
       2.003      107.900       70.758      694.480
       3.004      107.900       70.758      694.480
       4.005      108.900       70.750      694.262
       5.006      106.900       70.750      694.262
       6.007      107.900       70.750      694.262
       7.009      106.900       70.750      694.512
       8.010      107.800       70.750      694.512
       9.011      107.800       70.750      694.512
      10.013      107.900       70.750      694.512
      11.013      107.900       70.750      694.512
      12.014      106.900       70.750      694.512
      13.015      107.900       70.750      694.512
      14.016      107.900       70.750      694.512
      15.017      108.900       70.750      694.512
      16.018      106.900       70.750      694.512
      17.019      107.900       70.750      694.512
      18.020      107.900       70.750      694.512
      19.021      107.900       70.750      694.512
      20.022      107.800       70.750      694.512
      21.024      106.900       70.750      694.512
      22.024      107.900       70.750      694.512
      23.025      107.900       70.750      694.512
      24.027      106.900       70.750      694.512
      25.028      108.900       70.750      694.512
      26.028      107.000       70.750      694.512
      27.030      107.900       70.750      694.512
      28.030      106.900       70.750      694.512
      29.032      108.900       70.750      694.512
      30.033      106.900       70.750      694.512
      31.034      108.800       70.750      694.512
      32.035      106.900       70.750      694.512
      33.036      107.900       70.750      694.512
      34.037      107.900       70.750      694.512
      35.039      107.900       70.750      694.512
      36.040      107.900       70.750      694.512
      37.041      107.900       70.750      694.512
      38.042      106.800       70.750      694.512
      39.043      108.900       70.750      694.512
      40.045      107.900       70.750      694.512
      41.045      107.900       70.750      694.512
      42.046      106.900       70.750      694.512
      43.048      107.900       70.750      694.512
      44.049      107.900       70.750      694.512
      45.049      106.900       70.750      694.512
      46.050      107.900       70.750      694.512
      47.051      107.900       70.750      694.512
      48.052      107.900       70.750      694.512
      49.053      107.900       70.750      694.512
      50.054      107.900       70.750      694.512
      51.056      107.800       70.750      694.512
      52.057      107.900       70.750      694.512
      53.058      107.900       70.750      694.512
      54.059      106.900       70.750      694.512
      55.060      107.900       70.750      694.512
      56.061      107.900       70.750      694.512
      57.062      107.900       70.750      694.512
      58.064      107.800       70.750      694.512
      59.065      107.900       70.750      694.512
      60.066      106.900       70.750      694.512
      61.067      107.900       70.750      694.512
      62.069      107.900       70.750      694.512
      63.069      106.900       70.750      694.512
      64.071      106.900       70.750      694.512
      65.072      106.900       70.750      694.512
      66.073      106.900       70.750      694.512
      67.074      107.900       70.750      694.512
      68.076      108.800       70.750      694.512
      69.077      106.900       70.750      694.512
      70.078      107.900       70.750      694.512
      71.079      107.900       70.750      694.512
      72.080      106.900       70.750      694.512
      73.082      107.900       70.750      694.512
      74.082      106.900       70.750      694.512
      75.084      107.900       70.750      694.512
      76.085      106.900       70.750      694.512
      77.086      108.900       70.750      694.512
      78.086      107.900       70.750      694.512
      79.087      106.900       70.750      694.512
      80.089      107.900       70.750      694.512
      81.089      107.900       70.750      694.512
      82.091      107.900       70.750      694.512
      83.092      106.900       70.750      694.512
      84.093      108.900       70.750      694.512
      85.094      106.900       70.750      694.512
      86.096      107.800       70.750      694.512
      87.097      106.900       70.750      694.512
      88.098      107.900       70.750      694.512
      89.099      107.900       70.750      694.512
      90.101      108.900       70.750      694.512
      91.102      106.900       70.750      694.512
      92.103      107.900       70.750      694.512
      93.104      106.900       70.750      694.512
      94.105      107.900       70.750      694.512
      95.106      108.900       70.750      694.512
      96.107      106.900       70.750      694.512
      97.108      108.900       70.750      694.512
      98.108      106.900       70.750      694.512
      99.110      107.900       70.750      694.512
     100.110      107.900       70.750      694.512
     101.112      107.900       70.750      694.512
     102.112      107.900       70.750      694.512
     103.114      107.900       70.750      694.512
     104.114      107.000       70.750      694.512
     105.116      107.900       70.750      694.512
     106.117      107.900       70.750      694.512
     107.117      108.000       70.750      694.512
     108.118      106.900       70.750      694.512
     109.119      107.900       70.750      694.512
     110.120      108.900       70.750      694.512
     111.122      106.800       70.750      694.512
     112.122      107.900       70.750      694.512
     113.123      107.900       70.750      694.512
     114.124      106.900       70.750      694.512
     115.125      108.900       70.750      694.512
     116.127      107.800       70.750      694.512
     117.127      106.900       70.750      694.512
     118.129      107.900       70.750      694.512
     119.130      107.900       70.750      694.512
