# Elapsed time   CPU (%)     Real (MB)   Virtual (MB)
       0.000        0.000       72.762      696.434
       1.002      106.900       72.762      696.434
       2.003      107.800       72.762      696.434
       3.004      106.900       72.762      696.434
       4.005      107.900       72.762      696.434
       5.006      107.900       72.762      696.434
       6.007      107.900       72.762      696.434
       7.008      107.900       72.762      696.434
       8.009      107.900       72.762      696.434
       9.010      106.900       72.762      696.434
      10.011      107.900       72.762      696.434
      11.012      107.900       72.762      696.434
      12.013      107.900       72.762      696.434
      13.015      106.900       72.762      696.434
      14.016      107.900       72.762      696.434
      15.017      107.900       72.762      696.434
      16.018      107.900       72.762      696.434
      17.019      107.900       72.762      696.434
      18.020      107.900       72.762      696.434
      19.021      106.900       72.762      696.434
      20.023      107.800       72.762      696.434
      21.024      108.900       72.762      696.434
      22.025      106.800       72.762      696.434
      23.026      106.800       72.762      696.434
      24.028      108.900       72.762      696.434
      25.029      107.900       72.762      696.434
      26.030      107.900       72.762      696.434
      27.031      106.900       72.762      696.434
      28.032      108.900       72.762      696.434
      29.033      107.900       72.762      696.434
      30.034      106.900       72.762      696.434
      31.035      108.000       73.277      697.109
      32.036      107.900       73.277      697.109
      33.037      107.900       74.309      698.016
      34.038      107.800       74.309      698.016
      35.040      106.900       72.852      696.434
      36.041      108.900       72.852      696.434
      37.042      106.900       72.852      696.434
      38.043      107.900       72.852      696.434
      39.044      107.900       72.852      696.434
      40.045      107.900       72.852      696.434
      41.046      107.900       72.852      696.434
      42.047      107.900       72.852      696.434
      43.048      106.900       72.852      696.434
      44.049      107.900       72.852      696.434
      45.050      107.900       72.852      696.434
      46.051      106.900       72.852      696.434
      47.052      108.900       72.852      696.434
      48.053      107.800       72.852      696.434
      49.054      107.900       72.852      696.434
      50.058      107.600       72.852      696.434
      51.059      108.900       72.852      696.434
      52.061      106.800       72.852      696.434
      53.061      107.900       72.852      696.434
      54.063      107.900       72.852      696.434
      55.063      107.900       72.852      696.434
      56.064      107.900       72.852      696.434
      57.065      106.900       72.852      696.434
      58.067      107.900       72.852      696.434
      59.068      108.900       72.852      696.434
      60.069      106.900       72.852      696.434
      61.071      107.900       72.852      696.434
      62.072      107.900       72.852      696.434
      63.073      107.900       72.852      696.434
      64.073      107.900       72.852      696.434
      65.074      106.900       72.852      696.434
      66.075      107.900       72.852      696.434
      67.076      107.900       72.852      696.434
      68.077      107.900       72.852      696.434
      69.078      106.900       72.852      696.434
      70.079      107.900       72.852      696.434
      71.080      108.900       72.852      696.434
      72.081      106.900       72.852      696.434
      73.082      107.800       72.852      696.434
      74.083      107.900       72.852      696.434
      75.085      107.800       72.852      696.434
      76.086      107.900       72.852      696.434
      77.087      106.800       72.852      696.434
      78.089      107.900       72.852      696.434
      79.090      107.900       72.852      696.434
      80.091      107.900       72.852      696.434
      81.092      107.900       72.852      696.434
      82.093      107.800       72.852      696.434
      83.094      106.900       72.852      696.574
      84.095      107.900       72.852      696.574
      85.096      107.900       72.852      696.715
      86.096      108.900       72.852      696.715
      87.098      106.900       73.109      696.855
      88.099      107.800       73.109      696.855
      89.100      107.900       73.367      697.117
      90.101      106.900       73.367      697.117
      91.102      108.800       73.367      697.117
      92.104      107.900       73.367      697.258
      93.104      108.000       73.367      697.258
      94.106      106.900       73.289      697.055
      95.107      107.900       73.289      697.055
      96.108      108.900       73.547      697.324
      97.109      106.900       73.547      697.324
      98.109      107.900       73.547      697.324
      99.111      106.900       73.805      697.492
     100.112      108.900       73.805      697.492
     101.113      107.900       73.805      697.672
     102.115      106.900       73.805      697.672
     103.116      108.800       73.805      697.672
     104.117      106.900       74.062      697.852
     105.119      107.900       74.062      697.852
     106.120      108.900       74.320      697.992
     107.121      106.900       74.320      697.992
     108.122      107.900       74.320      697.992
     109.123      107.900       74.320      697.992
     110.124      107.900       74.320      697.992
     111.125      107.900       74.320      697.992
     112.126      106.900       74.320      697.992
     113.127      106.900       74.320      697.992
     114.129      108.900       74.578      698.297
     115.130      107.800       74.578      698.297
     116.131      106.800       74.578      698.297
     117.133      108.900       74.578      698.438
     118.134      106.900       74.578      698.438
     119.135      107.900       74.836      698.578
