# Elapsed time   CPU (%)     Real (MB)   Virtual (MB)
       0.000        0.000       70.750      694.512
       1.002      107.900       70.750      694.512
       2.003      106.900       70.750      694.512
       3.004      107.900       70.750      694.512
       4.005      107.900       70.750      694.512
       5.006      107.900       70.750      694.512
       6.008      107.800       70.750      694.512
       7.010      107.800       70.750      694.512
       8.011      106.900       70.750      694.512
       9.012      107.900       70.750      694.512
      10.013      106.800       70.750      694.512
      11.014      108.800       70.750      694.512
      12.015      106.900       70.750      694.512
      13.017      107.900       70.750      694.512
      14.018      108.800       70.750      694.512
      15.019      106.900       70.750      694.512
      16.020      107.900       70.750      694.512
      17.021      106.900       70.750      694.512
      18.022      108.900       70.750      694.512
      19.024      107.900       70.750      694.512
      20.024      106.900       70.750      694.512
      21.025      107.900       70.750      694.512
      22.026      107.900       70.750      694.512
      23.027      106.900       70.750      694.512
      24.028      107.900       70.750      694.512
      25.029      107.900       70.750      694.512
      26.029      107.900       70.750      694.512
      27.031      107.800       70.750      694.512
      28.032      107.900       70.750      694.512
      29.033      106.900       70.750      694.512
      30.034      107.900       70.750      694.512
      31.035      107.900       70.750      694.512
      32.037      107.800       70.750      694.512
      33.038      106.900       70.750      694.512
      34.039      108.800       70.750      694.512
      35.040      106.900       70.750      694.512
      36.040      107.900       70.750      694.512
      37.041      106.900       70.750      694.512
      38.043      107.900       70.750      694.512
      39.044      108.900       70.750      694.512
      40.045      107.800       70.750      694.512
      41.046      107.900       70.750      694.512
      42.047      106.900       70.750      694.512
      43.048      107.900       70.750      694.512
      44.050      107.900       70.750      694.512
      45.051      107.900       70.750      694.512
      46.052      106.900       70.750      694.512
      47.053      108.900       70.750      694.512
      48.054      106.900       70.750      694.512
      49.055      108.900       70.750      694.512
      50.056      106.900       70.750      694.512
      51.058      107.800       70.750      694.512
      52.059      107.800       70.750      694.512
      53.060      107.900       70.750      694.512
      54.062      107.900       70.750      694.512
      55.063      107.900       70.750      694.512
      56.065      107.800       70.750      694.512
      57.065      106.900       70.750      694.512
      58.067      108.900       70.750      694.512
      59.068      106.800       70.750      694.512
      60.069      107.900       70.750      694.512
      61.071      107.900       70.750      694.512
      62.072      107.900       70.750      694.512
      63.073      107.900       70.750      694.512
      64.074      106.900       70.750      694.512
      65.075      108.900       70.750      694.512
      66.076      107.900       70.750      694.512
      67.077      106.900       70.750      694.512
      68.078      107.900       70.750      694.512
      69.079      107.900       70.750      694.512
      70.081      106.800       70.750      694.512
      71.081      107.900       70.750      694.512
      72.082      108.900       70.750      694.512
      73.084      106.800       70.750      694.512
      74.085      107.900       70.750      694.512
      75.086      106.900       71.004      694.719
      76.087      107.900       71.004      694.719
      77.089      107.900       71.004      694.859
      78.090      107.900       71.004      694.859
      79.090      107.900       71.004      694.859
      80.092      106.900       71.262      695.000
      81.093      107.900       71.262      695.000
      82.094      108.900       71.262      695.000
      83.095      105.800       71.262      695.000
      84.097      107.900       71.262      695.000
      85.098      107.900       71.262      695.000
      86.098      107.900       71.262      695.000
      87.100      107.900       71.262      695.000
      88.101      106.900       71.262      695.156
      89.102      108.900       71.262      695.156
      90.103      106.800       71.199      694.711
      91.104      107.900       71.199      694.711
      92.105      107.900       71.199      694.711
      93.106      107.800       71.453      695.133
      94.107      106.900       71.453      695.133
      95.108      107.900       71.453      695.133
      96.109      107.900       71.453      695.273
      97.110      108.900       71.453      695.273
      98.111      106.900       71.711      695.469
      99.112      107.900       71.711      695.469
     100.113      107.900       71.969      695.609
     101.114      106.900       71.969      695.609
     102.115      108.900       71.863      695.375
     103.116      107.900       71.863      695.375
     104.117      107.900       71.863      695.375
     105.118      107.800       71.863      695.668
     106.119      107.900       71.863      695.668
     107.119      106.900       71.863      695.668
     108.120      107.900       72.117      695.812
     109.121      107.900       72.117      695.812
     110.122      107.900       72.117      695.953
     111.123      106.900       72.117      695.953
     112.124      107.900       72.117      695.953
     113.125      107.900       72.242      695.754
     114.126      107.900       72.242      695.754
     115.128      107.800       72.242      695.898
     116.129      107.900       72.242      695.898
     117.130      107.900       72.242      695.898
     118.131      106.900       72.242      696.039
     119.132      107.000       72.242      696.039
