# Elapsed time   CPU (%)     Real (MB)   Virtual (MB)
       0.000        0.000       72.645      696.273
       1.001      105.900       72.645      696.273
       2.002      107.900       72.645      696.273
       3.004      106.900       72.645      696.273
       4.005      105.900       72.645      696.273
       5.006      107.900       72.645      696.273
       6.007      106.900       72.645      696.273
       7.008      106.900       72.645      696.273
       8.009      105.900       72.645      696.273
       9.010      107.900       72.645      696.273
      10.011      106.800       72.645      696.273
      11.013      107.800       72.645      696.273
      12.014      105.900       72.645      696.273
      13.015      106.900       72.645      696.273
      14.016      106.900       72.645      696.273
      15.017      107.900       72.645      696.273
      16.026      107.000       72.645      696.273
      17.028      106.900       72.645      696.273
      18.029      106.900       72.645      696.273
      19.030      106.900       72.645      696.273
      20.030      106.900       72.645      696.273
      21.032      106.900       72.645      696.273
      22.033      106.900       72.645      696.273
      23.034      107.900       72.645      696.273
      24.035      106.900       72.645      696.273
      25.036      105.900       72.645      696.273
      26.038      106.900       72.645      696.273
      27.038      107.900       72.645      696.273
      28.040      106.900       72.645      696.273
      29.041      105.900       72.645      696.273
      30.042      107.900       72.645      696.273
      31.043      106.900       72.645      696.273
      32.044      107.000       72.645      696.273
      33.045      106.900       72.645      696.273
      34.046      106.900       72.645      696.273
      35.048      106.900       72.645      696.273
      36.049      105.900       72.645      696.273
      37.049      106.900       72.645      696.273
      38.050      107.900       72.645      696.273
      39.052      106.900       72.645      696.273
      40.053      106.900       72.645      696.273
      41.054      106.800       72.645      696.273
      42.055      106.900       72.645      696.273
      43.057      106.800       72.645      696.273
      44.057      106.000       72.645      696.273
      45.058      107.900       72.645      696.273
      46.060      106.900       72.645      696.273
      47.060      106.900       72.645      696.273
      48.061      106.900       72.645      696.273
      49.063      107.900       72.645      696.273
      50.064      105.900       72.645      696.273
      51.065      106.900       72.645      696.273
      52.066      107.900       72.645      696.273
      53.067      106.900       72.645      696.273
      54.068      106.900       72.645      696.273
      55.069      106.900       72.645      696.273
      56.070      106.900       72.645      696.273
      57.071      107.900       72.645      696.273
      58.073      105.800       72.645      696.273
      59.074      107.800       72.645      696.273
      60.075      106.900       72.645      696.273
      61.076      106.900       72.645      696.273
      62.076      107.000       72.645      696.273
      63.077      106.900       72.645      696.273
      64.078      106.900       72.645      696.273
      65.080      106.800       72.645      696.273
      66.081      106.900       72.645      696.273
      67.082      105.900       72.645      696.273
      68.083      106.900       72.645      696.273
      69.084      106.900       72.645      696.273
      70.085      106.900       72.645      696.273
      71.086      106.900       72.645      696.273
      72.086      106.900       72.645      696.273
      73.087      107.900       72.645      696.273
      74.088      106.900       72.645      696.273
      75.089      105.900       72.645      696.273
      76.090      107.900       72.645      696.273
      77.090      106.900       72.645      696.273
      78.092      106.900       72.645      696.273
      79.093      106.900       72.645      696.273
      80.094      107.900       72.645      696.273
      81.096      106.900       72.645      696.273
      82.096      106.900       72.645      696.273
      83.098      106.800       72.645      696.273
      84.099      107.900       72.645      696.273
      85.100      105.900       72.645      696.273
      86.101      106.900       72.645      696.273
      87.102      107.900       72.645      696.273
      88.104      105.900       72.645      696.273
      89.105      106.900       72.645      696.273
      90.106      106.900       72.645      696.273
      91.107      107.900       72.645      696.273
      92.108      106.900       72.645      696.273
      93.109      105.900       72.645      696.273
      94.110      107.900       72.645      696.273
      95.112      106.900       72.645      696.273
      96.113      105.900       72.645      696.273
      97.114      107.900       72.645      696.273
      98.115      106.900       72.645      696.273
      99.117      106.900       72.645      696.273
     100.117      107.900       72.645      696.273
     101.119      106.900       72.645      696.273
     102.120      106.900       72.645      696.273
     103.121      105.900       72.645      696.273
     104.122      107.900       72.645      696.273
     105.124      106.900       72.645      696.273
     106.125      106.800       72.645      696.273
     107.126      106.900       72.645      696.273
     108.130      106.500       72.645      696.273
     109.131      107.900       72.645      696.273
     110.133      106.900       72.645      696.273
     111.134      106.900       72.645      696.273
     112.134      106.900       72.645      696.273
     113.136      106.800       72.645      696.273
     114.137      106.900       72.645      696.273
     115.138      106.900       72.645      696.273
     116.140      106.900       72.645      696.273
     117.141      106.900       72.645      696.273
     118.142      106.800       72.645      696.273
     119.143      106.900       72.645      696.273
