# Elapsed time   CPU (%)     Real (MB)   Virtual (MB)
       0.000        0.000       72.645      696.273
       1.001      108.900       72.645      696.273
       2.003      106.900       72.645      696.273
       3.004      108.900       72.645      696.273
       4.005      106.900       72.645      696.273
       5.006      107.900       72.645      696.273
       6.007      108.900       72.645      696.273
       7.007      107.900       72.645      696.273
       8.009      106.900       72.645      696.273
       9.010      107.900       72.645      696.273
      10.011      107.900       72.645      696.273
      11.012      107.900       72.645      696.273
      12.013      106.900       72.645      696.273
      13.014      107.900       72.645      696.273
      14.014      107.900       72.645      696.273
      15.015      107.900       72.645      696.273
      16.017      106.900       72.645      696.273
      17.018      108.900       72.645      696.273
      18.019      106.900       72.645      696.273
      19.020      107.900       72.645      696.273
      20.021      106.900       72.645      696.273
      21.023      107.900       72.645      696.273
      22.024      107.900       72.645      696.273
      23.025      107.900       72.645      696.273
      24.025      107.900       72.645      696.273
      25.027      107.800       72.645      696.273
      26.028      107.900       72.645      696.273
      27.029      106.900       72.645      696.273
      28.030      107.900       72.645      696.273
      29.031      106.900       72.645      696.273
      30.032      108.900       72.645      696.273
      31.033      107.900       72.645      696.273
      32.034      107.900       72.645      696.273
      33.035      107.900       72.645      696.273
      34.036      106.900       72.645      696.273
      35.037      107.900       72.645      696.273
      36.038      107.900       72.645      696.273
      37.039      106.900       72.645      696.273
      38.040      108.900       72.645      696.273
      39.041      106.800       72.645      696.273
      40.043      107.900       72.645      696.273
      41.044      108.900       72.645      696.273
      42.044      106.900       72.645      696.273
      43.046      107.800       72.645      696.273
      44.047      106.900       72.645      696.273
      45.048      107.900       72.645      696.273
      46.049      107.900       72.645      696.273
      47.050      107.900       72.645      696.273
      48.051      106.900       72.645      696.273
      49.052      108.900       72.645      696.273
      50.053      107.900       72.645      696.273
      51.054      106.900       72.645      696.273
      52.056      108.900       72.645      696.273
      53.056      106.900       72.645      696.273
      54.058      108.900       72.645      696.273
      55.059      106.900       72.645      696.273
      56.059      107.900       72.645      696.273
      57.060      107.900       72.645      696.273
      58.062      106.800       72.645      696.273
      59.063      107.900       72.645      696.273
      60.063      107.900       72.645      696.273
      61.065      106.900       72.645      696.273
      62.066      107.900       72.645      696.273
      63.067      106.900       72.645      696.273
      64.068      108.900       72.645      696.273
      65.069      106.900       72.645      696.273
      66.070      107.900       72.645      696.273
      67.071      107.900       72.645      696.273
      68.073      107.900       72.645      696.273
      69.074      107.900       72.645      696.273
      70.074      107.900       72.645      696.273
      71.076      107.900       72.645      696.273
      72.077      106.900       72.645      696.273
      73.078      107.900       72.645      696.273
      74.079      107.900       72.645      696.273
      75.080      107.900       72.645      696.273
      76.081      106.900       72.645      696.273
      77.083      107.900       72.645      696.273
      78.083      107.900       72.645      696.273
      79.085      108.900       72.645      696.273
      80.086      106.900       72.645      696.273
      81.086      107.900       72.645      696.273
      82.088      107.900       72.645      696.273
      83.088      106.900       72.645      696.273
      84.089      107.900       72.645      696.273
      85.090      107.900       72.645      696.273
      86.091      107.800       72.645      696.273
      87.092      107.900       72.645      696.273
      88.093      106.900       72.645      696.273
      89.095      107.800       72.645      696.273
      90.096      107.900       72.645      696.273
      91.097      107.900       72.645      696.273
      92.098      107.900       72.645      696.273
      93.098      106.900       72.645      696.273
      94.099      108.900       72.645      696.273
      95.100      107.900       72.645      696.273
      96.102      106.900       72.645      696.273
      97.103      108.900       72.645      696.273
      98.104      107.900       72.645      696.273
      99.106      106.900       72.645      696.273
     100.107      108.900       72.645      696.273
     101.108      107.900       72.645      696.273
     102.109      106.800       72.645      696.273
     103.110      108.900       72.645      696.273
     104.111      106.800       72.645      696.273
     105.113      107.900       72.645      696.273
     106.114      107.800       72.645      696.273
     107.115      106.900       72.645      696.273
     108.117      108.800       72.645      696.273
     109.118      107.900       72.645      696.273
     110.119      107.900       72.645      696.273
     111.119      106.900       72.645      696.273
     112.120      107.900       72.645      696.273
     113.121      107.900       72.645      696.273
     114.123      107.900       72.645      696.273
     115.123      107.000       72.645      696.273
     116.124      108.900       72.645      696.273
     117.126      106.900       72.645      696.273
     118.126      108.000       72.645      696.273
     119.127      106.800       72.645      696.273
