# Elapsed time   CPU (%)     Real (MB)   Virtual (MB)
       0.000        0.000       72.645      696.414
       1.001      107.900       72.645      696.414
       2.002      107.800       72.645      696.414
       3.003      107.000       72.645      696.414
       4.004      107.800       72.645      696.414
       5.005      107.900       72.645      696.414
       6.006      109.000       72.645      696.414
       7.007      106.900       72.645      696.414
       8.008      107.900       72.645      696.414
       9.008      107.900       72.645      696.414
      10.009      107.900       72.645      696.414
      11.011      107.900       72.645      696.414
      12.012      107.900       72.645      696.414
      13.013      106.900       72.645      696.414
      14.014      107.900       72.645      696.414
      15.015      107.900       72.645      696.414
      16.016      107.900       72.645      696.414
      17.018      107.800       72.645      696.414
      18.018      107.900       72.645      696.414
      19.019      107.900       72.645      696.414
      20.021      106.900       72.645      696.414
      21.022      107.900       72.645      696.414
      22.023      107.900       72.645      696.414
      23.024      107.900       72.645      696.414
      24.026      107.900       72.645      696.414
      25.027      107.900       72.645      696.414
      26.028      106.800       72.645      696.414
      27.030      107.900       72.645      696.414
      28.031      107.900       72.645      696.414
      29.032      106.900       72.645      696.414
      30.033      106.900       72.645      696.414
      31.035      107.900       72.645      696.414
      32.036      107.900       72.645      696.414
      33.037      107.900       72.645      696.414
      34.038      108.800       72.645      696.414
      35.039      106.900       72.645      696.414
      36.040      107.900       72.645      696.414
      37.041      107.900       72.645      696.414
      38.043      107.900       72.645      696.414
      39.044      107.800       72.645      696.414
      40.045      107.900       72.645      696.414
      41.047      106.900       72.645      696.414
      42.048      107.900       72.645      696.414
      43.049      106.900       72.645      696.414
      44.049      108.900       72.645      696.414
      45.051      107.900       72.645      696.414
      46.052      106.800       72.645      696.414
      47.053      107.900       72.645      696.414
      48.055      107.900       72.645      696.414
      49.055      107.900       72.645      696.414
      50.056      106.900       72.645      696.414
      51.057      108.800       72.645      696.414
      52.059      106.900       72.645      696.414
      53.060      107.900       72.645      696.414
      54.061      107.900       72.645      696.414
      55.062      107.900       72.645      696.414
      56.062      107.000       72.645      696.414
      57.063      107.900       72.645      696.414
      58.065      107.900       72.645      696.414
      59.065      107.900       72.645      696.414
      60.067      107.800       72.645      696.414
      61.067      107.900       72.645      696.414
      62.068      106.900       72.645      696.414
      63.069      108.900       72.645      696.414
      64.071      106.900       72.645      696.414
      65.072      106.800       72.645      696.414
      66.073      107.900       72.645      696.414
      67.074      108.900       72.645      696.414
      68.075      106.900       72.645      696.414
      69.076      107.900       72.645      696.414
      70.077      106.900       72.645      696.414
      71.077      108.900       72.645      696.414
      72.079      106.800       72.645      696.414
      73.080      108.900       72.645      696.414
      74.081      107.900       72.645      696.414
      75.082      107.900       72.645      696.414
      76.084      107.900       72.645      696.414
      77.085      106.900       72.645      696.414
      78.086      108.900       72.645      696.414
      79.087      106.900       72.645      696.414
      80.088      107.900       72.645      696.414
      81.089      106.900       72.645      696.414
      82.089      108.900       72.645      696.414
      83.091      107.900       72.645      696.414
      84.092      107.900       72.645      696.414
      85.093      107.800       72.645      696.414
      86.094      106.900       72.645      696.414
      87.095      108.900       72.645      696.414
      88.096      106.900       72.645      696.414
      89.097      107.900       72.645      696.414
      90.098      107.900       72.645      696.414
      91.099      107.900       72.645      696.414
      92.100      106.900       72.645      696.414
      93.101      107.900       72.645      696.414
      94.102      107.900       72.645      696.414
      95.103      107.900       72.645      696.414
      96.104      107.900       72.645      696.414
      97.105      106.900       72.645      696.414
      98.106      108.900       72.902      696.578
      99.107      106.900       72.902      696.578
     100.108      108.900       72.902      696.578
     101.108      106.900       72.867      696.379
     102.109      107.900       72.867      696.379
     103.110      107.900       72.867      696.531
     104.111      107.900       72.867      696.531
     105.112      106.900       72.867      696.531
     106.113      107.900       74.410      698.180
     107.114      106.900       74.410      698.180
     108.115      107.900       75.441      699.168
     109.115      107.900       75.441      699.168
     110.117      107.900       72.883      696.484
     111.118      108.900       72.883      696.484
     112.119      107.900       72.883      696.484
     113.120      106.900       72.883      696.484
     114.121      107.900       72.883      696.484
     115.122      107.900       72.883      696.484
     116.123      107.900       72.883      696.484
     117.124      106.900       72.883      696.484
     118.125      108.800       72.883      696.484
     119.126      106.900       72.883      696.484
