# Elapsed time   CPU (%)     Real (MB)   Virtual (MB)
       0.000        0.000       72.645      696.273
       1.001      107.900       72.645      696.273
       2.002      107.900       72.645      696.273
       3.003      107.900       72.645      696.273
       4.004      107.900       72.645      696.273
       5.005      107.900       72.645      696.273
       6.006      106.900       72.645      696.273
       7.008      108.800       72.645      696.273
       8.009      107.900       72.645      696.273
       9.010      105.900       72.645      696.273
      10.012      108.900       72.645      696.273
      11.013      107.800       72.645      696.273
      12.014      107.900       72.645      696.273
      13.015      107.900       72.645      696.273
      14.016      107.900       72.645      696.273
      15.017      107.900       72.645      696.273
      16.017      107.900       72.645      696.273
      17.018      106.900       72.645      696.273
      18.020      107.800       72.645      696.273
      19.021      107.900       72.645      696.273
      20.022      107.800       72.645      696.273
      21.024      107.900       72.645      696.273
      22.025      106.800       72.645      696.273
      23.026      108.900       72.645      696.273
      24.027      106.900       72.645      696.273
      25.028      108.900       72.645      696.273
      26.029      106.800       72.645      696.273
      27.031      107.800       72.645      696.273
      28.032      107.800       72.645      696.273
      29.033      106.800       72.645      696.273
      30.034      107.900       72.645      696.273
      31.036      108.800       72.645      696.273
      32.037      106.900       72.645      696.273
      33.038      108.900       72.645      696.273
      34.039      106.900       72.645      696.273
      35.040      107.900       72.645      696.273
      36.041      107.800       72.645      696.273
      37.042      107.900       72.645      696.273
      38.044      107.800       72.645      696.273
      39.045      107.900       72.645      696.273
      40.045      107.900       72.645      696.273
      41.047      106.900       72.645      696.273
      42.048      108.900       72.645      696.273
      43.050      107.800       72.645      696.273
      44.051      107.800       72.645      696.273
      45.052      106.900       72.645      696.273
      46.054      108.800       72.645      696.273
      47.055      107.900       72.645      696.273
      48.055      106.900       72.645      696.273
      49.056      108.900       72.645      696.273
      50.057      108.000       72.645      696.273
      51.058      105.900       72.645      696.273
      52.059      108.900       72.645      696.273
      53.060      106.800       72.645      696.273
      54.062      107.900       72.645      696.273
      55.063      107.800       72.645      696.273
      56.065      107.800       72.645      696.273
      57.066      107.900       72.645      696.273
      58.067      106.900       72.645      696.273
      59.068      107.900       72.645      696.273
      60.069      106.900       72.645      696.273
      61.070      108.900       72.645      696.273
      62.072      107.900       72.645      696.273
      63.072      107.900       72.645      696.273
      64.073      106.900       72.645      696.273
      65.074      108.900       72.645      696.273
      66.075      106.900       72.645      696.273
      67.076      108.000       72.645      696.273
      68.077      107.900       72.645      696.273
      69.078      107.900       72.645      696.273
      70.079      108.000       72.645      696.273
      71.080      107.900       72.645      696.273
      72.081      107.900       72.645      696.273
      73.082      106.900       72.645      696.273
      74.083      107.900       72.645      696.273
      75.084      106.900       72.645      696.273
      76.085      107.900       72.645      696.273
      77.086      107.900       72.645      696.273
      78.087      106.900       72.645      696.273
      79.088      107.900       72.645      696.273
      80.089      107.900       72.645      696.273
      81.090      107.900       72.645      696.273
      82.090      107.900       72.645      696.273
      83.092      106.900       72.645      696.273
      84.092      108.900       72.645      696.273
      85.093      107.900       72.645      696.273
      86.095      106.800       72.645      696.273
      87.096      108.800       72.645      696.273
      88.097      107.800       72.645      696.273
      89.099      106.800       72.645      696.273
      90.100      107.900       72.645      696.273
      91.101      107.900       72.645      696.273
      92.102      107.900       72.645      696.273
      93.104      108.800       72.645      696.273
      94.105      106.800       72.645      696.273
      95.106      106.900       72.645      696.273
      96.107      107.900       72.645      696.273
      97.108      108.900       72.645      696.273
      98.109      106.900       72.645      696.273
      99.110      107.900       72.645      696.273
     100.111      106.900       72.645      696.273
     101.112      108.900       72.645      696.273
     102.113      107.900       72.645      696.273
     103.114      106.800       72.645      696.273
     104.115      107.900       72.645      696.273
     105.117      107.800       72.645      696.273
     106.118      106.900       72.645      696.273
     107.118      107.900       72.645      696.273
     108.119      108.900       72.645      696.273
     109.120      106.900       72.645      696.273
     110.121      107.800       72.645      696.273
     111.122      107.900       72.645      696.273
     112.123      107.900       72.645      696.273
     113.124      107.900       72.645      696.273
     114.125      107.900       72.645      696.273
     115.127      106.900       72.645      696.273
     116.128      108.900       72.645      696.273
     117.128      107.000       72.645      696.273
     118.130      107.900       72.645      696.273
     119.130      106.900       72.645      696.273
