# Elapsed time   CPU (%)     Real (MB)   Virtual (MB)
       0.000        0.000       72.242      696.086
       1.001      106.900       72.242      696.086
       2.002      107.900       72.496      696.227
       3.004      107.800       72.496      696.227
       4.005      107.900       72.496      696.367
       5.006      106.900       72.496      696.367
       6.007      108.900       72.496      696.367
       7.008      107.900       72.754      696.508
       8.009      106.900       72.754      696.508
       9.011      107.900       72.754      696.508
      10.012      107.800       72.645      696.273
      11.013      106.900       72.645      696.273
      12.014      107.900       72.645      696.273
      13.015      107.900       72.645      696.273
      14.016      107.900       72.645      696.273
      15.017      106.900       72.645      696.273
      16.018      108.900       72.645      696.273
      17.019      106.800       72.645      696.273
      18.020      107.900       72.645      696.273
      19.021      107.900       72.645      696.273
      20.023      106.900       72.645      696.273
      21.024      107.900       72.645      696.273
      22.025      107.900       72.645      696.273
      23.026      107.800       72.645      696.273
      24.028      107.900       72.645      696.273
      25.029      106.900       72.645      696.273
      26.030      107.800       72.645      696.273
      27.031      107.900       72.645      696.273
      28.033      107.900       72.645      696.273
      29.034      107.900       72.645      696.273
      30.035      106.900       72.645      696.273
      31.036      107.900       72.645      696.273
      32.038      107.900       72.645      696.273
      33.039      107.900       72.645      696.273
      34.040      107.800       72.645      696.273
      35.041      106.800       72.645      696.273
      36.043      107.900       72.645      696.273
      37.044      108.900       72.645      696.273
      38.045      106.900       72.645      696.273
      39.047      107.900       72.645      696.273
      40.047      107.000       72.645      696.273
      41.048      108.900       72.645      696.273
      42.050      107.900       72.645      696.273
      43.051      106.900       72.645      696.273
      44.052      107.900       72.645      696.273
      45.053      107.900       72.645      696.273
      46.054      107.800       72.645      696.273
      47.055      106.900       72.645      696.273
      48.056      106.900       72.645      696.273
      49.057      108.900       72.645      696.273
      50.058      106.900       72.645      696.273
      51.059      107.900       72.645      696.273
      52.060      107.900       72.645      696.273
      53.061      107.900       72.645      696.273
      54.063      107.800       72.645      696.273
      55.064      107.900       72.645      696.273
      56.065      107.900       72.645      696.273
      57.066      106.900       72.645      696.273
      58.067      107.900       72.645      696.273
      59.068      108.900       72.645      696.273
      60.069      106.900       72.645      696.273
      61.071      107.900       72.645      696.273
      62.072      106.900       72.645      696.273
      63.074      106.800       72.645      696.273
      64.075      107.900       72.645      696.273
      65.076      106.900       72.645      696.273
      66.078      106.800       72.645      696.273
      67.080      107.700       72.645      696.273
      68.082      105.900       72.645      696.273
      69.082      107.900       72.645      696.273
      70.084      105.900       72.645      696.273
      71.084      106.900       72.645      696.273
      72.085      107.900       72.645      696.273
      73.086      106.900       72.645      696.273
      74.087      105.900       72.645      696.273
      75.088      107.900       72.645      696.273
      76.090      105.900       72.645      696.273
      77.091      106.900       72.645      696.273
      78.092      107.900       72.645      696.273
      79.094      105.800       72.645      696.273
      80.095      105.900       72.645      696.273
      81.096      108.900       72.645      696.273
      82.097      105.900       72.645      696.273
      83.099      107.900       72.645      696.273
      84.100      105.900       72.645      696.273
      85.101      106.900       72.645      696.273
      86.102      107.900       72.645      696.273
      87.103      105.900       72.645      696.273
      88.104      107.900       72.645      696.273
      89.105      105.900       72.645      696.273
      90.106      106.900       72.645      696.273
      91.108      107.900       72.645      696.273
      92.108      106.900       72.645      696.273
      93.109      105.900       72.645      696.273
      94.110      106.900       72.645      696.273
      95.112      107.900       72.645      696.273
      96.112      106.900       72.645      696.273
      97.114      105.900       72.645      696.273
      98.115      106.900       72.645      696.273
      99.116      106.900       72.645      696.273
     100.116      107.900       72.645      696.273
     101.117      105.900       72.645      696.273
     102.118      107.900       72.645      696.273
     103.120      106.900       72.645      696.273
     104.121      106.900       72.645      696.273
     105.122      106.900       72.645      696.273
     106.124      106.800       72.645      696.273
     107.125      106.900       72.645      696.273
     108.125      106.900       72.645      696.273
     109.126      106.900       72.645      696.273
     110.128      106.900       72.645      696.273
     111.129      107.800       72.645      696.273
     112.130      105.900       72.645      696.273
     113.131      107.900       72.645      696.273
     114.131      105.900       72.645      696.273
     115.132      107.900       72.645      696.273
     116.133      106.900       72.645      696.273
     117.134      106.900       72.645      696.273
     118.136      105.800       72.645      696.273
     119.137      107.900       72.645      696.273
