# Elapsed time   CPU (%)     Real (MB)   Virtual (MB)
       0.000        0.000       72.645      696.273
       1.004      108.600       72.645      696.273
       2.004      107.900       72.645      696.273
       3.005      106.900       72.645      696.273
       4.006      107.900       72.645      696.273
       5.007      107.900       72.645      696.273
       6.008      107.900       72.645      696.273
       7.009      107.900       72.645      696.273
       8.010      107.900       72.645      696.273
       9.012      105.900       72.645      696.273
      10.013      107.800       72.645      696.273
      11.014      108.900       72.645      696.273
      12.016      107.900       72.645      696.273
      13.016      106.900       72.645      696.273
      14.018      108.800       72.645      696.273
      15.018      106.900       72.645      696.273
      16.020      107.800       72.645      696.273
      17.021      107.800       72.645      696.273
      18.022      107.900       72.645      696.273
      19.023      108.900       72.645      696.273
      20.024      106.900       72.645      696.273
      21.026      106.900       72.645      696.273
      22.026      107.900       72.645      696.273
      23.028      106.900       72.645      696.273
      24.029      106.900       72.645      696.273
      25.030      106.900       72.645      696.273
      26.031      106.900       72.645      696.273
      27.033      105.900       72.645      696.273
      28.034      106.900       72.645      696.273
      29.035      105.900       72.645      696.273
      30.036      107.900       72.645      696.273
      31.037      105.900       72.645      696.273
      32.038      106.900       72.645      696.273
      33.039      106.900       72.645      696.273
      34.040      106.900       72.645      696.273
      35.041      105.900       72.645      696.273
      36.042      106.900       72.645      696.273
      37.044      106.900       72.645      696.273
      38.045      105.900       72.645      696.273
      39.046      106.900       72.645      696.273
      40.047      105.900       72.645      696.273
      41.048      106.900       72.645      696.273
      42.050      105.900       72.645      696.273
      43.051      106.900       72.645      696.273
      44.052      106.900       72.645      696.273
      45.054      106.900       72.645      696.273
      46.054      106.900       72.645      696.273
      47.055      105.900       72.645      696.273
      48.056      106.900       72.645      696.273
      49.057      106.900       72.645      696.273
      50.059      106.900       72.645      696.273
      51.060      106.900       72.645      696.273
      52.061      107.900       72.645      696.273
      53.062      105.900       72.645      696.273
      54.064      107.900       72.645      696.273
      55.065      106.900       72.645      696.273
      56.065      106.900       72.645      696.273
      57.066      106.900       72.645      696.273
      58.067      107.000       72.645      696.273
      59.068      106.900       72.645      696.273
      60.069      106.900       72.645      696.273
      61.070      106.900       72.645      696.273
      62.071      106.900       72.645      696.273
      63.072      106.900       72.645      696.273
      64.073      106.900       72.645      696.273
      65.074      106.900       72.645      696.273
      66.076      106.900       72.645      696.273
      67.077      106.900       72.645      696.273
      68.078      106.900       72.645      696.273
      69.079      106.900       72.645      696.273
      70.081      106.900       72.645      696.273
      71.082      106.900       72.645      696.273
      72.083      106.900       72.645      696.273
      73.083      106.900       72.645      696.273
      74.085      106.900       72.645      696.273
      75.086      106.900       72.645      696.273
      76.086      106.900       72.645      696.273
      77.088      106.900       72.645      696.273
      78.089      106.800       72.645      696.273
      79.090      107.900       72.645      696.273
      80.091      105.900       72.645      696.273
      81.092      106.900       72.645      696.273
      82.094      106.800       72.645      696.273
      83.094      108.000       72.645      696.273
      84.096      106.900       72.645      696.273
      85.097      106.900       72.645      696.273
      86.097      106.900       72.645      696.273
      87.099      106.900       72.645      696.273
      88.100      105.900       72.645      696.273
      89.101      107.800       72.645      696.273
      90.102      106.900       72.645      696.273
      91.103      106.900       72.645      696.273
      92.104      105.900       72.645      696.273
      93.105      107.900       72.645      696.273
      94.106      105.900       72.645      696.273
      95.108      106.800       72.645      696.273
      96.109      106.900       72.645      696.273
      97.110      106.900       72.645      696.273
      98.111      106.900       72.645      696.273
      99.112      106.900       72.645      696.273
     100.113      106.900       72.645      696.273
     101.114      107.800       72.645      696.273
     102.115      106.900       72.645      696.273
     103.116      105.900       72.645      696.273
     104.118      106.900       72.645      696.273
     105.119      106.900       72.645      696.273
     106.120      106.900       72.645      696.273
     107.120      106.900       72.645      696.273
     108.121      106.900       72.645      696.273
     109.122      106.900       72.645      696.273
     110.123      106.900       72.645      696.273
     111.125      105.900       72.645      696.273
     112.125      107.900       72.645      696.273
     113.126      107.900       72.645      696.273
     114.127      106.900       72.645      696.273
     115.129      105.900       72.645      696.273
     116.130      107.900       72.645      696.273
     117.131      106.900       72.645      696.273
     118.133      106.900       72.645      696.273
     119.134      105.900       72.645      696.273
