# Elapsed time   CPU (%)     Real (MB)   Virtual (MB)
       0.000        0.000       72.883      696.484
       1.001      106.900       72.883      696.484
       2.003      107.800       72.883      696.484
       3.004      107.900       72.883      696.484
       4.005      107.900       72.883      696.484
       5.007      107.900       72.883      696.484
       6.008      107.900       72.883      696.484
       7.009      106.900       72.883      696.484
       8.010      108.900       72.883      696.484
       9.011      106.900       72.883      696.484
      10.012      106.900       72.883      696.484
      11.012      108.900       72.883      696.484
      12.014      106.900       72.883      696.484
      13.015      106.900       72.883      696.484
      14.016      107.900       72.883      696.484
      15.017      107.900       72.883      696.484
      16.018      108.800       72.883      696.484
      17.020      106.900       72.883      696.484
      18.021      107.800       72.883      696.484
      19.022      108.900       72.883      696.484
      20.024      107.800       72.883      696.484
      21.025      107.900       72.883      696.484
      22.026      106.900       72.883      696.484
      23.028      107.800       72.883      696.484
      24.029      107.900       72.883      696.484
      25.030      107.900       72.883      696.484
      26.031      107.900       72.883      696.484
      27.032      107.900       72.883      696.484
      28.033      106.900       72.883      696.484
      29.034      107.900       72.883      696.484
      30.035      107.900       72.883      696.484
      31.036      106.900       72.883      696.484
      32.037      106.900       72.883      696.484
      33.038      107.900       72.883      696.484
      34.039      108.900       72.883      696.484
      35.040      106.900       72.883      696.484
      36.042      108.900       72.883      696.484
      37.043      106.800       72.883      696.484
      38.044      106.900       72.883      696.484
      39.045      107.900       72.883      696.715
      40.045      107.900       72.883      696.715
      41.046      108.900       73.141      696.859
      42.046      106.900       73.141      696.859
      43.048      107.900       73.141      696.859
      44.049      106.900       73.039      696.633
      45.050      108.900       73.039      696.633
      46.051      106.900       73.039      696.633
      47.052      107.900       73.039      696.633
      48.053      107.900       73.297      697.184
      49.054      107.900       73.297      697.184
      50.055      107.800       73.555      697.324
      51.057      106.800       73.555      697.324
      52.058      108.800       73.812      697.465
      53.059      107.900       73.812      697.465
      54.061      107.800       73.812      697.465
      55.063      107.800       73.812      697.465
      56.064      106.900       73.812      697.465
      57.065      107.900       73.812      697.465
      58.066      107.900       73.812      697.465
      59.067      106.900       73.812      697.465
      60.068      107.900       74.070      697.773
      61.069      108.800       74.070      697.773
      62.070      106.900       74.070      697.773
      63.071      106.900       74.328      698.070
      64.072      107.900       74.328      698.070
      65.074      107.900       74.586      698.234
      66.075      107.900       74.586      698.234
      67.076      107.900       74.586      698.375
      68.077      107.900       74.586      698.375
      69.078      106.900       74.586      698.375
      70.079      107.900       72.770      696.434
      71.079      107.000       72.770      696.434
      72.081      107.800       72.770      696.434
      73.082      108.900       72.770      696.434
      74.083      106.900       72.770      696.434
      75.085      107.800       72.770      696.434
      76.086      107.900       72.770      696.434
      77.087      107.800       72.770      696.434
      78.088      107.900       72.770      696.434
      79.089      106.900       72.770      696.434
      80.090      108.900       72.770      696.434
      81.091      106.900       72.770      696.434
      82.091      107.900       72.770      696.434
      83.093      106.900       72.770      696.434
      84.094      107.900       72.770      696.434
      85.095      107.900       72.770      696.434
      86.097      107.800       72.770      696.434
      87.098      108.900       72.770      696.434
      88.099      106.800       72.770      696.434
      89.101      107.900       72.770      696.434
      90.102      108.900       72.770      696.434
      91.103      106.900       72.770      696.434
      92.104      106.900       72.770      696.434
      93.105      107.800       72.770      696.434
      94.107      108.900       72.770      696.434
      95.107      107.000       72.770      696.434
      96.109      107.900       72.770      696.434
      97.110      107.900       72.770      696.434
      98.111      107.900       72.770      696.434
      99.112      107.900       72.770      696.434
     100.113      107.900       72.770      696.434
     101.115      107.800       72.770      696.434
     102.116      107.900       72.770      696.434
     103.117      106.900       72.770      696.434
     104.118      107.900       72.770      696.434
     105.119      107.900       72.770      696.434
     106.120      107.900       72.770      696.434
     107.121      106.900       72.770      696.434
     108.123      107.800       72.770      696.434
     109.124      106.900       72.770      696.434
     110.125      107.900       72.770      696.434
     111.126      107.900       72.770      696.434
     112.127      107.900       72.770      696.434
     113.128      107.900       72.770      696.434
     114.129      106.900       72.770      696.434
     115.130      107.900       72.770      696.434
     116.131      108.900       72.770      696.434
     117.132      106.900       72.770      696.434
     118.133      107.900       72.770      696.434
     119.134      107.900       72.770      696.434
