# Elapsed time   CPU (%)     Real (MB)   Virtual (MB)
       0.000        0.000       72.645      696.273
       1.001      106.900       72.645      696.273
       2.002      106.900       72.645      696.273
       3.003      106.900       72.645      696.273
       4.004      106.900       72.645      696.273
       5.005      106.900       72.645      696.273
       6.006      107.900       72.645      696.273
       7.007      105.900       72.645      696.273
       8.009      106.900       72.645      696.273
       9.010      106.900       72.645      696.273
      10.011      107.900       72.645      696.273
      11.013      105.900       72.645      696.273
      12.014      107.800       72.645      696.273
      13.015      106.900       72.645      696.273
      14.016      106.900       72.645      696.273
      15.018      107.900       72.645      696.273
      16.019      106.900       72.645      696.273
      17.019      106.900       72.645      696.273
      18.020      106.900       72.645      696.273
      19.021      106.900       72.645      696.273
      20.022      106.900       72.645      696.273
      21.023      106.900       72.645      696.273
      22.024      106.900       72.645      696.273
      23.025      106.900       72.645      696.273
      24.026      106.900       72.645      696.273
      25.027      106.900       72.645      696.273
      26.028      106.900       72.645      696.273
      27.029      107.900       72.645      696.273
      28.030      105.900       72.645      696.273
      29.031      108.000       72.645      696.273
      30.031      106.000       72.645      696.273
      31.032      106.900       72.645      696.273
      32.034      106.900       72.645      696.273
      33.035      106.900       72.645      696.273
      34.036      106.900       72.645      696.273
      35.038      106.800       72.645      696.273
      36.039      106.900       72.645      696.273
      37.040      106.900       72.645      696.273
      38.041      106.900       72.645      696.273
      39.042      106.900       72.645      696.273
      40.044      106.900       72.645      696.273
      41.045      106.900       72.645      696.273
      42.046      106.900       72.645      696.273
      43.048      106.900       72.645      696.273
      44.049      107.800       72.645      696.273
      45.050      106.900       72.645      696.273
      46.052      106.900       72.645      696.273
      47.053      107.800       72.645      696.273
      48.055      106.900       72.645      696.273
      49.056      106.900       72.645      696.273
      50.057      106.900       72.645      696.273
      51.058      106.900       72.645      696.273
      52.059      106.900       72.645      696.273
      53.059      106.900       72.645      696.273
      54.060      105.900       72.645      696.273
      55.061      107.900       72.645      696.273
      56.062      106.800       72.645      696.273
      57.064      106.900       72.645      696.273
      58.065      107.900       72.645      696.273
      59.066      105.900       72.645      696.273
      60.068      106.900       72.645      696.273
      61.069      107.900       72.645      696.273
      62.070      105.900       72.645      696.273
      63.071      107.900       72.645      696.273
      64.072      106.900       72.645      696.273
      65.073      106.900       72.645      696.273
      66.074      106.900       72.645      696.273
      67.075      106.900       72.645      696.273
      68.076      106.900       72.645      696.273
      69.077      106.900       72.645      696.273
      70.078      106.900       72.645      696.273
      71.079      106.900       72.645      696.273
      72.080      106.900       72.645      696.273
      73.081      107.900       72.645      696.273
      74.082      106.900       72.645      696.273
      75.083      106.900       72.645      696.273
      76.085      106.900       72.645      696.273
      77.085      107.000       72.645      696.273
      78.086      106.900       72.645      696.273
      79.087      106.900       72.645      696.273
      80.089      106.900       72.645      696.273
      81.090      107.900       72.645      696.273
      82.091      105.900       72.645      696.273
      83.092      106.900       72.645      696.273
      84.093      107.900       72.645      696.273
      85.094      106.900       72.645      696.273
      86.096      105.800       72.645      696.273
      87.096      106.900       72.645      696.273
      88.097      107.900       72.645      696.273
      89.098      106.900       72.645      696.273
      90.099      105.900       72.645      696.273
      91.100      107.900       72.645      696.273
      92.101      106.900       72.645      696.273
      93.103      106.900       72.645      696.273
      94.104      106.900       72.645      696.273
      95.105      106.900       72.645      696.273
      96.106      105.900       72.645      696.273
      97.107      107.900       72.645      696.273
      98.108      105.900       72.645      696.273
      99.109      107.900       72.645      696.273
     100.111      106.900       72.645      696.273
     101.111      106.900       72.645      696.273
     102.113      106.900       72.645      696.273
     103.114      107.900       72.645      696.273
     104.115      106.900       72.645      696.273
     105.116      106.900       72.645      696.273
     106.117      106.900       72.645      696.273
     107.118      106.900       72.645      696.273
     108.119      104.900       72.645      696.273
     109.120      105.900       72.645      696.273
     110.122      106.900       72.645      696.273
     111.123      106.900       72.645      696.273
     112.124      106.800       72.645      696.273
     113.126      107.900       72.645      696.273
     114.127      107.900       72.645      696.273
     115.127      107.900       72.645      696.273
     116.129      107.900       72.645      696.273
     117.130      107.900       72.645      696.273
     118.132      107.900       72.645      696.273
     119.132      106.900       72.645      696.273
