# Elapsed time   CPU (%)     Real (MB)   Virtual (MB)
       0.000        0.000       76.645      700.156
       1.002      106.900       76.645      700.156
       2.003      107.900       76.645      700.156
       3.004      107.900       76.645      700.156
       4.005      107.900       76.645      700.156
       5.005      108.000       76.645      700.156
       6.006      107.900       76.645      700.156
       7.008      107.900       76.645      700.156
       8.009      106.900       76.645      700.156
       9.010      108.900       76.645      700.156
      10.011      108.000       76.645      700.156
      11.012      107.900       76.645      700.156
      12.013      107.900       76.645      700.156
      13.014      107.800       76.645      700.156
      14.015      106.900       76.645      700.156
      15.016      108.900       76.645      700.156
      16.017      107.900       76.645      700.156
      17.019      107.900       76.645      700.156
      18.019      106.900       76.645      700.156
      19.020      106.900       76.645      700.156
      20.021      108.900       76.645      700.156
      21.023      107.900       76.645      700.156
      22.024      106.900       76.645      700.156
      23.024      107.900       76.645      700.156
      24.026      107.900       76.645      700.156
      25.027      107.900       76.645      700.156
      26.028      106.900       76.645      700.156
      27.029      107.900       76.645      700.156
      28.031      108.800       76.645      700.156
      29.032      106.900       76.645      700.156
      30.033      107.900       76.645      700.156
      31.034      107.800       76.645      700.156
      32.036      107.900       76.645      700.156
      33.037      106.900       76.645      700.156
      34.038      107.900       76.645      700.156
      35.039      108.900       76.645      700.156
      36.040      105.900       76.645      700.156
      37.041      108.800       76.645      700.156
      38.042      106.900       76.645      700.156
      39.043      108.900       76.645      700.156
      40.045      106.900       76.645      700.156
      41.046      108.900       76.645      700.156
      42.047      107.900       76.645      700.156
      43.048      106.900       76.645      700.156
      44.049      107.900       76.645      700.156
      45.051      107.900       76.645      700.156
      46.052      107.900       76.645      700.156
      47.053      107.900       76.645      700.156
      48.054      107.900       76.645      700.156
      49.055      107.900       76.645      700.156
      50.055      107.900       76.645      700.156
      51.056      107.900       76.645      700.156
      52.057      107.900       76.645      700.156
      53.059      107.800       76.645      700.156
      54.060      107.900       76.645      700.156
      55.061      106.900       76.645      700.156
      56.062      107.900       76.645      700.156
      57.063      107.900       76.645      700.156
      58.064      107.900       76.645      700.156
      59.065      107.900       76.645      700.156
      60.065      106.900       76.645      700.156
      61.066      108.900       76.645      700.156
      62.067      106.900       76.645      700.156
      63.068      107.900       76.645      700.156
      64.069      107.900       76.645      700.156
      65.071      106.900       76.645      700.156
      66.071      108.900       76.645      700.156
      67.073      106.900       76.645      700.156
      68.073      108.900       76.645      700.156
      69.075      107.900       76.645      700.156
      70.075      106.900       76.645      700.156
      71.077      107.900       76.645      700.156
      72.078      106.900       76.645      700.156
      73.079      108.900       76.645      700.156
      74.080      107.900       76.645      700.156
      75.081      106.900       76.645      700.156
      76.082      107.900       76.645      700.156
      77.083      107.900       76.645      700.156
      78.084      107.900       76.645      700.156
      79.085      107.900       76.645      700.156
      80.087      108.800       76.645      700.156
      81.088      106.900       76.645      700.156
      82.088      107.900       76.645      700.156
      83.089      107.900       76.645      700.156
      84.090      107.900       76.645      700.156
      85.091      107.900       76.645      700.156
      86.092      106.900       76.645      700.156
      87.094      107.800       76.645      700.156
      88.095      107.900       76.645      700.156
      89.096      107.900       76.645      700.156
      90.097      106.900       76.645      700.156
      91.098      107.900       76.645      700.156
      92.099      107.900       76.645      700.156
      93.101      107.800       76.645      700.156
      94.102      107.900       76.645      700.156
      95.103      107.900       76.645      700.156
      96.105      107.900       76.645      700.156
      97.106      106.800       76.645      700.156
      98.107      107.900       76.645      700.156
      99.108      107.900       76.645      700.156
     100.109      107.900       76.645      700.156
     101.110      107.800       76.645      700.156
     102.111      106.900       76.645      700.156
     103.112      107.900       76.645      700.156
     104.113      106.900       76.645      700.156
     105.114      108.900       76.645      700.156
     106.115      107.900       76.645      700.156
     107.116      106.900       76.645      700.156
     108.116      108.000       76.645      700.156
     109.118      106.900       76.645      700.156
     110.119      108.900       76.645      700.156
     111.120      106.900       76.645      700.156
     112.121      107.900       76.645      700.156
     113.123      107.800       76.645      700.156
     114.124      107.900       76.645      700.156
     115.125      107.900       76.645      700.156
     116.127      107.800       76.645      700.156
     117.127      107.900       76.645      700.156
     118.128      107.900       76.645      700.156
     119.130      106.900       76.645      700.156
