# Elapsed time   CPU (%)     Real (MB)   Virtual (MB)
       0.000        0.000        8.332      388.398
       1.001        7.000        8.332      388.398
       2.002        6.000        8.332      388.398
       3.003        8.000        8.332      388.398
       4.009        6.000        8.332      388.398
       5.011        8.000        8.332      388.398
       6.012        6.000        8.332      388.398
       7.013        8.000        8.332      388.398
       8.014        6.000        8.332      388.398
       9.015        7.000        8.332      388.398
      10.016        8.000        8.332      388.398
      11.017        7.000        8.332      388.398
      12.017        6.000        8.332      388.398
      13.018        7.000        8.332      388.398
      14.019        8.000        8.332      388.398
      15.020        7.000        8.332      388.398
