# Elapsed time   CPU (%)     Real (MB)   Virtual (MB)
       0.000        0.000        8.332      388.398
       1.002        7.000        8.332      388.398
       2.003        6.000        8.332      388.398
       3.004        7.000        8.332      388.398
       4.004        6.000        8.332      388.398
       5.006        6.000        8.332      388.398
       6.007        6.000        8.332      388.398
       7.008        7.000        8.332      388.398
       8.009        5.000        8.332      388.398
       9.010        7.000        8.332      388.398
      10.011        6.000        8.332      388.398
      11.012        7.000        8.332      388.398
      12.013        6.000        8.332      388.398
      13.014        6.000        8.332      388.398
      14.015        6.000        8.332      388.398
      15.017        7.000        8.332      388.398
      16.023        6.000        8.332      388.398
      17.024        6.000        8.332      388.398
      18.025        7.000        8.332      388.398
      19.026        6.000        8.332      388.398
      20.027        6.000        8.332      388.398
      21.028        7.000        8.332      388.398
      22.029        6.000        8.332      388.398
      23.030        7.000        8.332      388.398
      24.031        6.000        8.332      388.398
      25.032        7.000        8.332      388.398
      26.033        6.000        8.332      388.398
      27.034        6.000        8.332      388.398
      28.035        6.000        8.332      388.398
      29.037        6.000        8.332      388.398
      30.038        7.000        8.332      388.398
      31.038        6.000        8.332      388.398
      32.039        7.000        8.332      388.398
      33.039        7.000        8.332      388.398
      34.040        6.000        8.332      388.398
      35.041        6.000        8.332      388.398
      36.043        6.000        8.332      388.398
      37.044        6.000        8.332      388.398
      38.045        6.000        8.332      388.398
      39.046        7.000        8.332      388.398
      40.047        7.000        8.332      388.398
      41.048        6.000        8.332      388.398
      42.049        6.000        8.332      388.398
      43.050        7.000        8.332      388.398
      44.051        6.000        8.332      388.398
      45.052        6.000        8.332      388.398
      46.054        6.000        8.332      388.398
      47.055        7.000        8.332      388.398
      48.056        6.000        8.332      388.398
      49.057        7.000        8.332      388.398
      50.058        7.000        8.332      388.398
      51.059        6.000        8.332      388.398
      52.061        6.000        8.332      388.398
      53.062        7.000        8.332      388.398
      54.063        5.000        8.332      388.398
      55.063        7.000        8.332      388.398
      56.064        6.000        8.332      388.398
      57.065        7.000        8.332      388.398
      58.067        5.000        8.332      388.398
      59.067        7.000        8.332      388.398
      60.068        6.000        8.332      388.398
      61.069        6.000        8.332      388.398
      62.070        7.000        8.332      388.398
      63.071        6.000        8.332      388.398
      64.072        6.000        8.332      388.398
      65.073        6.000        8.332      388.398
      66.074        6.000        8.332      388.398
      67.074        6.000        8.332      388.398
      68.075        7.000        8.332      388.398
      69.077        6.000        8.332      388.398
      70.078        6.000        8.332      388.398
      71.079        6.000        8.332      388.398
      72.079        7.000        8.332      388.398
      73.081        6.000        8.332      388.398
      74.082        7.000        8.332      388.398
      75.083        6.000        8.332      388.398
      76.085        6.000        8.332      388.398
      77.086        6.000        8.332      388.398
      78.087        7.000        8.332      388.398
      79.088        7.000        8.332      388.398
      80.089        5.000        8.332      388.398
      81.090        7.000        8.332      388.398
      82.091        5.000        8.332      388.398
      83.094        7.000        8.332      388.398
      84.095        7.000        8.332      388.398
      85.096        5.000        8.332      388.398
      86.097        7.000        8.332      388.398
      87.099        6.000        8.332      388.398
      88.100        6.000        8.332      388.398
      89.102        7.000        8.332      388.398
      90.103        5.000        8.332      388.398
      91.104        7.000        8.332      388.398
      92.106        6.000        8.332      388.398
      93.107        7.000        8.332      388.398
      94.108        6.000        8.332      388.398
      95.109        6.000        8.332      388.398
      96.110        7.000        8.332      388.398
      97.111        6.000        8.332      388.398
      98.112        6.000        8.332      388.398
      99.113        7.000        8.332      388.398
     100.115        6.000        8.332      388.398
     101.115        7.000        8.332      388.398
     102.116        6.000        8.332      388.398
     103.117        6.000        8.332      388.398
     104.117        7.000        8.332      388.398
     105.119        6.000        8.332      388.398
     106.120        6.000        8.332      388.398
     107.121        6.000        8.332      388.398
     108.123        7.000        8.332      388.398
     109.124        6.000        8.332      388.398
     110.125        7.000        8.332      388.398
     111.126        6.000        8.332      388.398
     112.127        7.000        8.332      388.398
     113.129        6.000        8.332      388.398
     114.130        6.000        8.332      388.398
     115.131        7.000        8.332      388.398
     116.132        6.000        8.332      388.398
     117.133        6.000        8.332      388.398
     118.134        6.000        8.332      388.398
     119.135        6.000        8.332      388.398
